Note: must download matrices first under ./dataset/europar/large/ using scripts ./dataset/europar/large/DownloadFigure6.sh and ./dataset/europar/large/ExtractFigure6.sh
filename, num_rows, num_cols, num_nonzeros, row_length_mean, row_length_std_dev, row_length_variation, row_length_skewness, small, big, method1, avg_ms, gflops, gbps, method2, avg_ms, gflops, gbps
/data/ctcyang/GraphBLAS/dataset/europar/large/12month1/12month1.mtx, 12471, 872622, 22624727, 0, 65, 106, 80, 69, 53, 42, 53, 59, 42, 50, 40, 45, 49, 43, 42, 42, 46, 39, 48, 32, 37, 29, 39, 33, 25, 38, 35, 37, 43, 30, 35, 11045, 433, 1814.19, 4554.41, 2.51044, 6.54472, cusparse, 216.112, 13.4003, 0.867294, cusparse2, 39.5361, 73.2487, 4.74081, row split, 35.5891, 81.3723, 5.26658, row split2, 36.1579, 80.0923, 5.18374, row split3, 39.1886, 73.8982, 4.78285, row split4, 39.6493, 73.0395, 4.72727, merge path, 39.6493, 73.0395, 4.72727, 
/data/ctcyang/GraphBLAS/dataset/europar/large/144/144.mtx, 144649, 144649, 2148786, 0, 0, 0, 0, 5, 14, 129, 177, 1141, 2080, 3776, 8107, 11897, 16840, 20193, 22010, 20442, 15173, 10182, 6099, 3324, 1611, 825, 373, 152, 70, 29, 0, 0, 0, 0, 0, 0, 0, 14.8552, 2.71831, 0.182988, 0.0742732, cusparse, 23.3874, 11.7604, 3.92644, cusparse2, 4.0251, 68.3324, 22.8141, row split, 3.79603, 72.4559, 24.1909, row split2, 4.33705, 63.4174, 21.1732, row split3, 3.53412, 77.8254, 25.9836, row split4, 4.01775, 68.4573, 22.8558, merge path, 5.35523, 51.36, 17.1476, 
/data/ctcyang/GraphBLAS/dataset/europar/large/333SP/333SP.mtx, 3712815, 3712815, 22217266, 0, 0, 1, 2038, 59887, 642300, 2407576, 498965, 96711, 5196, 136, 3, 0, 0, 0, 0, 0, 0, 1, 0, 0, 0, 0, 0, 0, 0, 0, 0, 1, 0, 0, 0, 0, 0, 5.98394, 0.702961, 0.117475, 0.268523, cusparse, 346.017, 8.2187, 6.05043, cusparse2, 60.41, 47.0752, 34.6557, row split, 94.629, 30.0522, 22.1238, row split2, 106.837, 26.6182, 19.5958, row split3, 89.0709, 31.9275, 23.5043, row split4, 96.2435, 29.5481, 21.7526, merge path, 96.2435, 29.5481, 21.7526, 
/data/ctcyang/GraphBLAS/dataset/europar/large/AS365/AS365.mtx, 3799275, 3799275, 22736152, 0, 0, 7, 3390, 78002, 1012181, 1762243, 777961, 156458, 8375, 463, 151, 33, 10, 1, 0, 0, 0, 0, 0, 0, 0, 0, 0, 0, 0, 0, 0, 0, 0, 0, 0, 0, 0, 5.98434, 0.865496, 0.144627, 0.29266, cusparse, 544.01, 5.34958, 3.938, cusparse2, 65.425, 44.4819, 32.7446, row split, 97.1172, 29.9661, 22.0591, row split2, 110.146, 26.4216, 19.4498, row split3, 91.1511, 31.9275, 23.5029, row split4, 98.7255, 29.478, 21.6997, merge path, 98.7255, 29.478, 21.6997, 
/data/ctcyang/GraphBLAS/dataset/europar/large/ASIC_680k/ASIC_680k.mtx, 682862, 682862, 3871773, 0, 75, 0, 583523, 0, 316, 0, 80, 451, 14065, 14705, 9295, 2648, 5744, 5770, 23449, 11787, 3605, 1037, 1190, 558, 239, 3246, 155, 155, 88, 73, 44, 56, 22, 37, 25, 424, 2, 5.66992, 659.807, 116.37, 584.849, cusparse, 18.2903, 27.0956, 20.9581, cusparse2, 24.3826, 20.3254, 15.7215, row split, 48.9052, 10.1336, 7.83825, row split2, 49.8763, 9.93633, 7.68564, row split3, 66.6555, 7.43505, 5.75093, row split4, 67.2569, 7.36857, 5.69951, merge path, 10.0369, 49.3767, 38.1923, 
/data/ctcyang/GraphBLAS/dataset/europar/large/Bump_2911/Bump_2911.mtx, 2911419, 2911419, 124818481, 58988, 1, 0, 0, 0, 0, 0, 0, 0, 0, 0, 9, 0, 0, 0, 0, 0, 30, 0, 0, 1011, 0, 0, 519, 0, 0, 2865, 0, 0, 9438, 0, 0, 2838558, 0, 42.872, 6.96867, 0.162546, -4.69845, cusparse, 216.007, 73.9642, 11.5776, cusparse2, 162.988, 98.0241, 15.3437, row split, 141.605, 112.826, 17.6606, row split2, 145.453, 109.842, 17.1935, row split3, 134.607, 118.692, 18.5788, row split4, 136.83, 116.764, 18.277, merge path, 136.83, 116.764, 18.277, 
/data/ctcyang/GraphBLAS/dataset/europar/large/Cube_Coup_dt0/Cube_Coup_dt0.mtx, 2164760, 2164760, 125041385, 0, 0, 0, 0, 0, 0, 0, 0, 0, 0, 0, 0, 0, 0, 0, 0, 0, 0, 0, 0, 0, 0, 0, 15, 1, 0, 0, 56, 0, 0, 0, 3224, 2161464, 0, 57.7622, 4.47162, 0.0774142, -3.01102, cusparse, 210.48, 76.042, 10.0596, cusparse2, 154.116, 103.852, 13.7386, row split, 109.955, 145.562, 19.2565, row split2, 112.893, 141.775, 18.7554, row split3, 104.392, 153.319, 20.2826, row split4, 106.026, 150.956, 19.97, merge path, 106.026, 150.956, 19.97, 
/data/ctcyang/GraphBLAS/dataset/europar/large/Cube_Coup_dt6/Cube_Coup_dt6.mtx, 2164760, 2164760, 125041385, 0, 0, 0, 0, 0, 0, 0, 0, 0, 0, 0, 0, 0, 0, 0, 0, 0, 0, 0, 0, 0, 0, 0, 15, 1, 0, 0, 56, 0, 0, 0, 3224, 2161464, 0, 57.7622, 4.47162, 0.0774142, -3.01102, cusparse, 210.486, 76.0399, 10.0593, cusparse2, 154.136, 103.839, 13.7369, row split, 109.952, 145.566, 19.257, row split2, 112.9, 141.765, 18.7542, row split3, 104.4, 153.308, 20.2811, row split4, 106.048, 150.925, 19.966, merge path, 106.048, 150.925, 19.966, 
/data/ctcyang/GraphBLAS/dataset/europar/large/CurlCurl_1/CurlCurl_1.mtx, 226451, 226451, 2245621, 0, 0, 0, 4, 0, 12, 1062, 362, 27243, 9165, 163443, 136, 25024, 0, 0, 0, 0, 0, 0, 0, 0, 0, 0, 0, 0, 0, 0, 0, 0, 0, 0, 0, 0, 0, 9.91659, 1.02419, 0.103281, -0.196567, cusparse, 4.86966, 59.0266, 27.6844, cusparse2, 4.30867, 66.712, 31.289, row split, 5.75536, 49.9429, 23.424, row split2, 6.28704, 45.7194, 21.4431, row split3, 5.44732, 52.7671, 24.7486, row split4, 5.80622, 49.5054, 23.2188, merge path, 5.56782, 51.6251, 24.213, 
/data/ctcyang/GraphBLAS/dataset/europar/large/CurlCurl_4/CurlCurl_4.mtx, 2380515, 2380515, 24135353, 0, 0, 0, 4, 0, 12, 2136, 720, 118441, 39727, 1910525, 296, 308654, 0, 0, 0, 0, 0, 0, 0, 0, 0, 0, 0, 0, 0, 0, 0, 0, 0, 0, 0, 0, 0, 10.1387, 0.855868, 0.0844159, 0.396183, cusparse, 53.876, 57.3414, 26.3833, cusparse2, 45.887, 67.3246, 30.9767, row split, 60.3476, 51.1922, 23.554, row split2, 65.8686, 46.9013, 21.5798, row split3, 57.1072, 54.097, 24.8906, row split4, 60.8035, 50.8083, 23.3774, merge path, 60.8035, 50.8083, 23.3774, 
/data/ctcyang/GraphBLAS/dataset/europar/large/Delor295K/Delor295K.mtx, 295734, 1823928, 2401323, 0, 0, 7476, 36, 14871, 1689, 1770, 126123, 81, 78057, 249, 65382, 0, 0, 0, 0, 0, 0, 0, 0, 0, 0, 0, 0, 0, 0, 0, 0, 0, 0, 0, 0, 0, 0, 8.11987, 2.11239, 0.26015, -0.497448, cusparse, 6.76882, 45.4096, 25.3825, cusparse2, 5.11672, 60.0716, 33.578, row split, 7.51298, 40.9118, 22.8683, row split2, 8.28993, 37.0775, 20.7251, row split3, 7.11072, 43.2262, 24.162, row split4, 7.6326, 40.2706, 22.5099, merge path, 6.0627, 50.6984, 28.3387, 
/data/ctcyang/GraphBLAS/dataset/europar/large/Emilia_923/Emilia_923.mtx, 923136, 923136, 40082071, 0, 0, 0, 0, 0, 0, 0, 0, 0, 0, 0, 0, 0, 0, 6, 0, 0, 9, 0, 0, 95, 1, 0, 531, 0, 0, 2355, 0, 0, 5214, 0, 0, 914925, 0, 43.4195, 3.72073, 0.0856927, -1.40523, cusparse, 67.8031, 75.6677, 11.7546, cusparse2, 52.438, 97.8395, 15.1988, row split, 45.4738, 112.823, 17.5265, row split2, 46.6259, 110.036, 17.0934, row split3, 43.2295, 118.681, 18.4364, row split4, 43.8002, 117.134, 18.1961, merge path, 43.8002, 117.134, 18.1961, 
/data/ctcyang/GraphBLAS/dataset/europar/large/F1/F1.mtx, 343791, 343791, 26493323, 0, 0, 0, 0, 0, 0, 0, 0, 0, 0, 0, 0, 0, 0, 0, 0, 0, 0, 0, 0, 0, 0, 0, 6, 4, 29, 80, 58, 325, 2690, 0, 41, 340558, 0, 77.0623, 40.8091, 0.52956, 2.7617, cusparse, 81.4968, 41.6108, 4.7774, cusparse2, 37.8405, 89.6168, 10.289, row split, 25.9081, 130.892, 15.0279, row split2, 26.2114, 129.377, 14.8539, row split3, 24.8262, 136.595, 15.6827, row split4, 25.0313, 135.476, 15.5542, merge path, 25.0313, 135.476, 15.5542, 
/data/ctcyang/GraphBLAS/dataset/europar/large/Fault_639/Fault_639.mtx, 638802, 638802, 27975763, 0, 0, 0, 0, 0, 0, 0, 0, 0, 0, 0, 0, 0, 0, 3, 0, 0, 33, 0, 0, 144, 0, 0, 366, 0, 0, 2232, 0, 0, 5132, 1, 0, 630891, 0, 43.7941, 5.16121, 0.117852, 2.76237, cusparse, 47.9891, 74.619, 11.5324, cusparse2, 37.3062, 95.9866, 14.8347, row split, 31.3671, 114.161, 17.6436, row split2, 32.148, 111.388, 17.215, row split3, 29.8272, 120.055, 18.5544, row split4, 30.2373, 118.426, 18.3028, merge path, 30.2373, 118.426, 18.3028, 
/data/ctcyang/GraphBLAS/dataset/europar/large/Flan_1565/Flan_1565.mtx, 1564794, 1564794, 115841251, 0, 0, 0, 0, 0, 0, 0, 0, 0, 0, 0, 0, 0, 0, 0, 0, 0, 0, 0, 0, 0, 0, 0, 24, 0, 0, 0, 0, 0, 0, 0, 0, 1564770, 0, 74.0297, 11.4317, 0.15442, -1.45649, cusparse, 180.89, 81.9709, 9.58687, cusparse2, 139.66, 106.17, 12.417, row split, 108.479, 136.687, 15.9862, row split2, 109.361, 135.585, 15.8573, row split3, 104.019, 142.547, 16.6716, row split4, 104.495, 141.899, 16.5957, merge path, 104.495, 141.899, 16.5957, 
/data/ctcyang/GraphBLAS/dataset/europar/large/FullChip/FullChip.mtx, 2987012, 2987012, 26621990, 0, 13, 1816, 1918, 23650, 1142423, 408514, 408674, 333344, 164733, 129690, 195280, 82708, 20852, 14457, 8221, 6432, 4662, 4270, 2832, 3088, 1921, 2828, 1407, 1308, 1199, 1024, 991, 1401, 738, 1161, 660, 14797, 4, 8.91258, 1806.8, 202.725, 1224.72, cusparse, 163.839, 20.7986, 10.7073, cusparse2, 230.358, 14.7927, 7.61543, row split, 262.239, 12.9943, 6.68959, row split2, 265.103, 12.8539, 6.61733, row split3, 368.158, 9.25584, 4.765, row split4, 369.484, 9.22264, 4.74791, merge path, 369.484, 9.22264, 4.74791, 
/data/ctcyang/GraphBLAS/dataset/europar/large/GL7d17/GL7d17.mtx, 1548650, 955128, 25978098, 1, 1, 28, 54, 157, 319, 738, 1509, 3532, 5631, 10888, 15488, 18471, 23922, 86641, 199826, 63751, 304411, 812056, 32, 27, 9, 12, 16, 36, 45, 38, 36, 54, 76, 62, 8, 775, 0, 16.7747, 1.9801, 0.118041, 0.7489, cusparse, 900.954, 3.69075, 1.11762, cusparse2, 53.122, 62.5955, 18.955, row split, 45.2504, 73.4844, 22.2524, row split2, 57.7289, 57.6002, 17.4424, row split3, 42.778, 77.7315, 23.5385, row split4, 56.7761, 58.5668, 17.7351, merge path, 56.7761, 58.5668, 17.7351, 
/data/ctcyang/GraphBLAS/dataset/europar/large/GL7d18/GL7d18.mtx, 1955309, 1548650, 35590540, 0, 1, 7, 34, 51, 163, 318, 717, 1574, 3462, 5410, 14060, 13290, 12133, 17483, 69118, 135056, 59559, 386278, 1232249, 76, 66, 21, 38, 61, 104, 159, 160, 92, 65, 113, 153, 3238, 0, 18.202, 2.15359, 0.118316, 7.05585, cusparse, 1292.78, 3.52386, 1.00068, cusparse2, 76.7689, 59.3416, 16.8514, row split, 61.2683, 74.3547, 21.1147, row split2, 90.6428, 50.2587, 14.2721, row split3, 58.7442, 77.5495, 22.022, row split4, 88.3531, 51.5612, 14.642, merge path, 88.3531, 51.5612, 14.642, 
/data/ctcyang/GraphBLAS/dataset/europar/large/GL7d19/GL7d19.mtx, 1911130, 1955309, 37322725, 0, 0, 0, 9, 12, 46, 111, 199, 484, 1095, 2420, 4194, 13556, 9207, 11452, 11144, 46462, 59120, 49710, 349654, 1341993, 128, 101, 35, 56, 99, 183, 344, 446, 302, 81, 135, 8352, 0, 19.5291, 2.85415, 0.146148, 11.1817, cusparse, 1384.14, 3.45146, 0.928175, cusparse2, 82.783, 57.7088, 15.5192, row split, 67.7592, 70.5042, 18.9602, row split2, 102.852, 46.4486, 12.4911, row split3, 65.524, 72.9093, 19.6069, row split4, 100.181, 47.6868, 12.824, merge path, 100.181, 47.6868, 12.824, 
/data/ctcyang/GraphBLAS/dataset/europar/large/GL7d20/GL7d20.mtx, 1437547, 1911130, 29893084, 1, 0, 2, 1, 14, 36, 62, 189, 225, 489, 900, 2479, 3335, 9206, 7488, 13293, 7340, 24110, 18191, 37901, 266017, 1029539, 195, 119, 36, 52, 109, 214, 451, 836, 710, 93, 13914, 0, 20.7945, 4.14027, 0.199104, 10.2497, cusparse, 1103.14, 3.46855, 0.889203, cusparse2, 65.4345, 58.4755, 14.9909, row split, 52.9669, 72.2398, 18.5195, row split2, 79.566, 48.0898, 12.3284, row split3, 51.3551, 74.507, 19.1007, row split4, 77.5155, 49.3619, 12.6545, merge path, 77.5155, 49.3619, 12.6545, 
/data/ctcyang/GraphBLAS/dataset/europar/large/GL7d21/GL7d21.mtx, 822922, 1437547, 18174775, 0, 2, 2, 10, 16, 38, 75, 126, 282, 506, 702, 1134, 3980, 2586, 5051, 7107, 13589, 3921, 8283, 6393, 22041, 167520, 560169, 216, 126, 50, 81, 125, 152, 384, 1060, 1059, 16136, 0, 22.0857, 6.0684, 0.274767, 8.91991, cusparse, 647.926, 3.59049, 0.87977, cusparse2, 36.6989, 63.3907, 15.5325, row split, 29.6412, 78.4844, 19.2309, row split2, 42.6223, 54.5811, 13.3739, row split3, 28.9141, 80.458, 19.7145, row split4, 41.3904, 56.2056, 13.7719, merge path, 45.508, 51.1201, 12.5258, 
/data/ctcyang/GraphBLAS/dataset/europar/large/GL7d23/GL7d23.mtx, 105054, 349443, 2695430, 0, 0, 1, 0, 1, 4, 16, 9, 48, 65, 125, 263, 357, 414, 1768, 299, 666, 1943, 5824, 185, 352, 801, 3087, 21517, 58908, 49, 55, 49, 84, 95, 58, 174, 7837, 0, 25.6576, 13.5386, 0.527664, 8.85552, cusparse, 72.3904, 4.76603, 1.0467, cusparse2, 5.16708, 66.7717, 14.6642, row split, 4.10773, 83.9916, 18.446, row split2, 4.74514, 72.7092, 15.9682, row split3, 4.04495, 85.2952, 18.7323, row split4, 4.67885, 73.7393, 16.1944, merge path, 6.63085, 52.0318, 11.4271, 
/data/ctcyang/GraphBLAS/dataset/europar/large/Ga41As41H72/Ga41As41H72.mtx, 268096, 268096, 18220381, 0, 0, 0, 0, 0, 0, 0, 0, 0, 0, 0, 0, 0, 0, 0, 0, 0, 575, 4225, 2640, 2568, 2528, 2448, 2856, 2784, 3168, 2856, 4248, 4392, 4344, 4760, 6096, 217608, 0, 67.9622, 105.388, 1.55068, 2.90932, cusparse, 38.3258, 60.8523, 7.41278, cusparse2, 27.1346, 85.9495, 10.47, row split, 19.6481, 118.699, 14.4595, row split2, 20.1007, 116.026, 14.1339, row split3, 18.6893, 124.788, 15.2012, row split4, 18.9277, 123.217, 15.0098, merge path, 40.8079, 57.1508, 6.96189, 
/data/ctcyang/GraphBLAS/dataset/europar/large/Geo_1438/Geo_1438.mtx, 1437960, 1437960, 61718731, 0, 0, 0, 0, 0, 0, 0, 0, 0, 0, 0, 0, 0, 0, 3, 0, 0, 15, 0, 0, 144, 0, 0, 923, 1, 0, 6867, 0, 0, 24582, 0, 0, 1405425, 0, 42.921, 4.3986, 0.102481, -1.40518, cusparse, 107.031, 73.8101, 11.5456, cusparse2, 82.5823, 95.6621, 14.9637, row split, 70.0006, 112.856, 17.6532, row split2, 71.7673, 110.078, 17.2187, row split3, 66.4803, 118.832, 18.588, row split4, 67.3659, 117.27, 18.3437, merge path, 67.3659, 117.27, 18.3437, 
/data/ctcyang/GraphBLAS/dataset/europar/large/H2O/H2O.mtx, 67024, 67024, 2149713, 0, 0, 0, 0, 0, 0, 0, 0, 0, 0, 0, 0, 0, 15, 99, 80, 182, 232, 1044, 658, 774, 692, 794, 836, 974, 1122, 1168, 1556, 1694, 1928, 4722, 4700, 43754, 0, 32.0738, 4.801, 0.149686, -1.44269, cusparse, 4.33078, 63.5366, 11.9567, cusparse2, 3.07322, 89.5359, 16.8495, row split, 2.74418, 100.272, 18.8698, row split2, 2.88475, 95.3856, 17.9503, row split3, 2.58615, 106.399, 20.0228, row split4, 2.70162, 101.851, 19.167, merge path, 5.06941, 54.2791, 10.2146, 
/data/ctcyang/GraphBLAS/dataset/europar/large/Hook_1498/Hook_1498.mtx, 1498023, 1498023, 59419423, 0, 0, 0, 0, 0, 0, 0, 0, 0, 0, 0, 0, 0, 0, 84, 0, 0, 3366, 0, 0, 235010, 1, 0, 64341, 0, 0, 69111, 0, 0, 100482, 0, 0, 1025628, 0, 39.6652, 13.9538, 0.351789, 0.044577, cusparse, 110.381, 68.9037, 11.3093, cusparse2, 91.5226, 83.1017, 13.6396, row split, 63.7428, 119.318, 19.5839, row split2, 66.0807, 115.097, 18.8911, row split3, 59.6232, 127.563, 20.9371, row split4, 60.9281, 124.831, 20.4887, merge path, 60.9281, 124.831, 20.4887, 
/data/ctcyang/GraphBLAS/dataset/europar/large/Long_Coup_dt0/Long_Coup_dt0.mtx, 1470152, 1470152, 85618841, 0, 0, 0, 0, 0, 0, 0, 0, 0, 0, 0, 0, 0, 0, 0, 0, 0, 0, 0, 8, 0, 0, 0, 16, 0, 0, 0, 108, 0, 0, 0, 815, 1469205, 0, 58.2381, 6.6625, 0.114401, 15.5559, cusparse, 146.078, 75.023, 9.88204, cusparse2, 108.741, 100.783, 13.2751, row split, 77.6051, 141.218, 18.6012, row split2, 79.3431, 138.124, 18.1938, row split3, 73.9949, 148.108, 19.5088, row split4, 74.8142, 146.486, 19.2951, merge path, 74.8142, 146.486, 19.2951, 
/data/ctcyang/GraphBLAS/dataset/europar/large/Long_Coup_dt6/Long_Coup_dt6.mtx, 1470152, 1470152, 85618841, 0, 0, 0, 0, 0, 0, 0, 0, 0, 0, 0, 0, 0, 0, 0, 0, 0, 0, 0, 8, 0, 0, 0, 16, 0, 0, 0, 108, 0, 0, 0, 815, 1469205, 0, 58.2381, 6.6625, 0.114401, 15.5559, cusparse, 146.088, 75.0176, 9.88134, cusparse2, 108.72, 100.802, 13.2777, row split, 77.6026, 141.222, 18.6018, row split2, 79.3466, 138.118, 18.193, row split3, 73.9966, 148.104, 19.5083, row split4, 74.8101, 146.494, 19.2962, merge path, 74.8101, 146.494, 19.2962, 
/data/ctcyang/GraphBLAS/dataset/europar/large/M6/M6.mtx, 3501776, 3501776, 21003872, 0, 0, 0, 131, 55168, 914656, 1676430, 700551, 146681, 7948, 211, 0, 0, 0, 0, 0, 0, 0, 0, 0, 0, 0, 0, 0, 0, 0, 0, 0, 0, 0, 0, 0, 0, 0, 5.99806, 0.844716, 0.140832, 0.358693, cusparse, 504.564, 5.32835, 3.91416, cusparse2, 59.2313, 45.3898, 33.3429, row split, 89.4317, 30.062, 22.0833, row split2, 101.514, 26.4841, 19.455, row split3, 83.9544, 32.0233, 23.5241, row split4, 91.2142, 29.4745, 21.6517, merge path, 91.2142, 29.4745, 21.6517, 
/data/ctcyang/GraphBLAS/dataset/europar/large/ML_Geer/ML_Geer.mtx, 1504002, 1504002, 110879972, 0, 0, 0, 0, 0, 0, 0, 0, 0, 0, 0, 0, 0, 0, 0, 0, 0, 0, 0, 0, 0, 0, 0, 0, 0, 0, 8, 0, 0, 0, 0, 0, 1503994, 0, 73.7233, 2.50687, 0.0340038, -10.3106, cusparse, 171.57, 82.7223, 9.69347, cusparse2, 127.864, 110.998, 13.0069, row split, 110.168, 128.827, 15.096, row split2, 111.479, 127.312, 14.9185, row split3, 106.968, 132.681, 15.5476, row split4, 107.161, 132.442, 15.5197, merge path, 107.161, 132.442, 15.5197, 
/data/ctcyang/GraphBLAS/dataset/europar/large/ML_Laplace/ML_Laplace.mtx, 377002, 377002, 27689972, 0, 0, 0, 0, 0, 0, 0, 0, 0, 0, 0, 0, 0, 0, 0, 0, 0, 0, 0, 0, 0, 0, 0, 0, 0, 0, 8, 0, 0, 0, 0, 0, 376994, 0, 73.4478, 3.52481, 0.0479907, -7.21436, cusparse, 42.9183, 82.5828, 9.69406, cusparse2, 31.4034, 112.864, 13.2487, row split, 27.5643, 128.583, 15.0939, row split2, 27.867, 127.187, 14.93, row split3, 26.7392, 132.551, 15.5597, row split4, 26.7947, 132.277, 15.5274, merge path, 26.7947, 132.277, 15.5274, 
/data/ctcyang/GraphBLAS/dataset/europar/large/NLR/NLR.mtx, 4163763, 4163763, 24975952, 0, 0, 0, 335, 63591, 1075249, 2021763, 821288, 170991, 9714, 447, 113, 105, 61, 40, 28, 18, 10, 6, 2, 2, 0, 0, 0, 0, 0, 0, 0, 0, 0, 0, 0, 0, 0, 5.99841, 0.841931, 0.140359, 0.423089, cusparse, 596.541, 5.3591, 3.93654, cusparse2, 71.4512, 44.7427, 32.8659, row split, 106.344, 30.062, 22.0821, row split2, 121.416, 26.3303, 19.341, row split3, 99.8156, 32.0283, 23.5265, row split4, 109.042, 29.3183, 21.5359, merge path, 109.042, 29.3183, 21.5359, 
/data/ctcyang/GraphBLAS/dataset/europar/large/PFlow_742/PFlow_742.mtx, 742793, 742793, 36395669, 57650, 1, 0, 0, 0, 0, 0, 0, 0, 0, 0, 166, 0, 0, 2, 0, 0, 4, 335, 2104, 0, 2, 0, 854, 1, 162, 49, 5, 6, 18784, 1, 45779, 616888, 0, 48.9984, 19.9725, 0.407614, -0.585212, cusparse, 71.4091, 65.2388, 9.44482, cusparse2, 54.4322, 85.5862, 12.3906, row split, 37.3169, 124.84, 18.0735, row split2, 38.4268, 121.234, 17.5515, row split3, 34.7246, 134.16, 19.4227, row split4, 35.6325, 130.741, 18.9278, merge path, 35.6325, 130.741, 18.9278, 
/data/ctcyang/GraphBLAS/dataset/europar/large/RM07R/RM07R.mtx, 381689, 381689, 37464962, 0, 109054, 3, 3, 7, 21, 50, 71, 86, 124, 153, 151, 183, 130, 140, 117, 121, 99, 104, 91, 115, 86, 96, 100, 107, 74, 88, 97, 79, 76, 90, 51, 269922, 0, 98.1557, 68.685, 0.699755, -0.245034, cusparse, 61.8969, 77.4758, 8.02417, cusparse2, 57.1738, 83.8761, 8.68704, row split, 35.0086, 136.981, 14.1871, row split2, 35.5353, 134.951, 13.9769, row split3, 32.9518, 145.531, 15.0727, row split4, 33.2286, 144.319, 14.9471, merge path, 33.2286, 144.319, 14.9471, 
/data/ctcyang/GraphBLAS/dataset/europar/large/Serena/Serena.mtx, 1391349, 1391349, 63140353, 0, 0, 0, 0, 0, 0, 0, 0, 0, 0, 0, 0, 0, 0, 6, 0, 0, 273, 0, 0, 3110, 1, 0, 8784, 0, 0, 17949, 0, 0, 33567, 0, 0, 1327659, 0, 45.3807, 9.24593, 0.203742, 0.818786, cusparse, 111.87, 72.2444, 10.9329, cusparse2, 87.6944, 92.1605, 13.9468, row split, 68.4142, 118.133, 17.8773, row split2, 70.1781, 115.164, 17.4279, row split3, 64.9291, 124.474, 18.8368, row split4, 65.9222, 122.599, 18.5531, merge path, 65.9222, 122.599, 18.5531, 
/data/ctcyang/GraphBLAS/dataset/europar/large/Stanford/Stanford.mtx, 281903, 281903, 2312497, 20315, 66816, 69915, 40381, 21052, 12015, 10599, 6069, 3003, 2362, 2066, 2324, 1856, 1425, 1450, 4493, 768, 803, 789, 595, 536, 451, 754, 1956, 1226, 571, 476, 456, 241, 215, 249, 183, 5493, 16, 8.20317, 166.332, 20.2765, 116.239, cusparse, 63.573, 4.65606, 2.57911, cusparse2, 10.3037, 28.7275, 15.9129, row split, 11.4598, 25.8294, 14.3076, row split2, 12.2744, 24.1151, 13.358, row split3, 12.5024, 23.6755, 13.1145, row split4, 13.2482, 22.3426, 12.3762, merge path, 5.96219, 49.6461, 27.5003, 
/data/ctcyang/GraphBLAS/dataset/europar/large/StocF-1465/StocF-1465.mtx, 1465137, 1465137, 19540253, 29103, 2, 2, 11, 69, 215, 898, 2249, 6889, 14388, 43472, 38353, 174774, 95991, 928010, 11920, 106591, 2189, 4986, 1068, 1208, 362, 357, 295, 204, 150, 136, 103, 77, 117, 94, 87, 767, 0, 13.3368, 2.57377, 0.192983, 1.2728, cusparse, 48.5086, 51.561, 18.8076, cusparse2, 34.164, 73.2102, 26.7045, row split, 36.688, 68.1735, 24.8673, row split2, 40.6891, 61.4698, 22.422, row split3, 34.5944, 72.2993, 26.3723, row split4, 37.1958, 67.2428, 24.5278, merge path, 37.1958, 67.2428, 24.5278, 
/data/ctcyang/GraphBLAS/dataset/europar/large/TSC_OPF_1047/TSC_OPF_1047.mtx, 8140, 8140, 2008763, 1, 0, 152, 2, 578, 580, 811, 153, 550, 38, 221, 542, 249, 98, 183, 318, 8, 6, 26, 124, 2, 8, 14, 68, 0, 2, 4, 38, 0, 0, 2, 6, 3356, 0, 246.777, 323.646, 1.31149, 1.34163, cusparse, 2.43513, 105.588, 8.32413, cusparse2, 2.60243, 98.8006, 7.78901, row split, 1.66887, 154.069, 12.1461, row split2, 1.68272, 152.801, 12.0462, row split3, 1.66381, 154.538, 12.1831, row split4, 1.67473, 153.53, 12.1037, merge path, 4.30604, 59.7119, 4.70743, 
/data/ctcyang/GraphBLAS/dataset/europar/large/TSOPF_FS_b162_c4/TSOPF_FS_b162_c4.mtx, 40798, 40798, 2387797, 1, 0, 100, 103, 19802, 100, 102, 20, 36, 26, 38, 116, 42, 8, 28, 42, 8, 2, 28, 22, 6, 10, 20, 16, 2, 6, 4, 4, 0, 4, 6, 4, 20092, 25, 58.5273, 495.417, 8.46471, 39.88, cusparse, 7.29229, 41.9125, 5.50638, cusparse2, 8.34768, 36.6135, 4.81022, row split, 3.63403, 84.1044, 11.0495, row split2, 3.66614, 83.3677, 10.9527, row split3, 4.3055, 70.9878, 9.32625, row split4, 4.38664, 69.6747, 9.15374, merge path, 5.45118, 56.0682, 7.36613, 
/data/ctcyang/GraphBLAS/dataset/europar/large/TSOPF_RS_b300_c2/TSOPF_RS_b300_c2.mtx, 28338, 28338, 2943887, 0, 1, 1, 184, 13893, 39, 118, 38, 137, 29, 48, 14, 10, 2, 8, 0, 8, 4, 2, 0, 0, 0, 0, 0, 2, 0, 0, 0, 0, 0, 0, 0, 13800, 0, 103.885, 102.405, 0.985752, 0.0519982, cusparse, 3.78674, 99.5098, 10.0808, cusparse2, 3.24889, 115.983, 11.7497, row split, 2.70301, 139.407, 14.1226, row split2, 2.74361, 137.344, 13.9136, row split3, 2.67081, 141.087, 14.2928, row split4, 2.70043, 139.54, 14.1361, merge path, 6.43129, 58.5913, 5.93559, 
/data/ctcyang/GraphBLAS/dataset/europar/large/Transport/Transport.mtx, 1602111, 1602111, 23500731, 0, 0, 0, 0, 0, 6, 0, 1014, 2, 1014, 0, 129166, 0, 0, 0, 1470909, 0, 0, 0, 0, 0, 0, 0, 0, 0, 0, 0, 0, 0, 0, 0, 0, 0, 0, 14.6686, 1.11529, 0.0760321, -3.13693, cusparse, 42.003, 71.6161, 24.1577, cusparse2, 38.2689, 78.604, 26.5148, row split, 40.7677, 73.7863, 24.8897, row split2, 45.2849, 66.426, 22.4069, row split3, 38.4781, 78.1767, 26.3707, row split4, 41.1975, 73.0164, 24.63, merge path, 41.1975, 73.0164, 24.63, 
/data/ctcyang/GraphBLAS/dataset/europar/large/Trec14/Trec14.mtx, 3159, 15905, 2872265, 0, 0, 0, 0, 0, 0, 1, 0, 0, 0, 0, 0, 0, 0, 0, 0, 0, 0, 0, 0, 0, 0, 0, 1, 0, 0, 0, 1, 0, 0, 0, 0, 3156, 0, 909.232, 352.377, 0.387554, -0.27645, cusparse, 8.2193, 44.7301, 2.99395, cusparse2, 3.53454, 104.016, 6.9622, row split, 2.31583, 158.755, 10.6261, row split2, 2.32507, 158.125, 10.5839, row split3, 2.31253, 158.981, 10.6412, row split4, 2.31065, 159.111, 10.6499, merge path, 6.12398, 60.0345, 4.01833, 
/data/ctcyang/GraphBLAS/dataset/europar/large/adaptive/adaptive.mtx, 6815744, 6815744, 27248640, 0, 0, 4, 14328, 6801412, 0, 0, 0, 0, 0, 0, 0, 0, 0, 0, 0, 0, 0, 0, 0, 0, 0, 0, 0, 0, 0, 0, 0, 0, 0, 0, 0, 0, 0, 3.9979, 0.045827, 0.0114628, -21.7538, cusparse, 114.046, 30.5827, 32.7493, cusparse2, 82.5221, 42.2654, 45.2596, row split, 172.548, 20.2137, 21.6457, row split2, 188.948, 18.4592, 19.7669, row split3, 163.285, 21.3604, 22.8736, row split4, 174.191, 20.023, 21.4415, merge path, 174.191, 20.023, 21.4415, 
/data/ctcyang/GraphBLAS/dataset/europar/large/af_0_k101/af_0_k101.mtx, 503625, 503625, 17047051, 0, 0, 0, 0, 0, 0, 0, 0, 0, 0, 0, 0, 0, 0, 9, 1, 0, 0, 0, 850, 0, 0, 0, 0, 5905, 0, 0, 0, 0, 840, 0, 0, 496020, 0, 33.8487, 1.25655, 0.0371225, -8.60193, cusparse, 30.0552, 72.6004, 13.184, cusparse2, 22.5078, 96.9452, 17.6049, row split, 24.8928, 87.6567, 15.9181, row split2, 25.4669, 85.6806, 15.5593, row split3, 23.8389, 91.5319, 16.6218, row split4, 24.1506, 90.3505, 16.4073, merge path, 39.4049, 55.3744, 10.0558, 
/data/ctcyang/GraphBLAS/dataset/europar/large/af_1_k101/af_1_k101.mtx, 503625, 503625, 17047051, 0, 0, 0, 0, 0, 0, 0, 0, 0, 0, 0, 0, 0, 0, 9, 1, 0, 0, 0, 850, 0, 0, 0, 0, 5905, 0, 0, 0, 0, 840, 0, 0, 496020, 0, 33.8487, 1.25655, 0.0371225, -8.60193, cusparse, 30.0563, 72.5979, 13.1835, cusparse2, 22.5075, 96.9464, 17.6051, row split, 24.8917, 87.6607, 15.9188, row split2, 25.4643, 85.6896, 15.5609, row split3, 23.8395, 91.5298, 16.6215, row split4, 24.1457, 90.369, 16.4107, merge path, 39.4141, 55.3615, 10.0534, 
/data/ctcyang/GraphBLAS/dataset/europar/large/af_2_k101/af_2_k101.mtx, 503625, 503625, 17047051, 0, 0, 0, 0, 0, 0, 0, 0, 0, 0, 0, 0, 0, 0, 9, 1, 0, 0, 0, 850, 0, 0, 0, 0, 5905, 0, 0, 0, 0, 840, 0, 0, 496020, 0, 33.8487, 1.25655, 0.0371225, -8.60193, cusparse, 30.0539, 72.6037, 13.1845, cusparse2, 22.5055, 96.9553, 17.6067, row split, 24.8913, 87.662, 15.9191, row split2, 25.4587, 85.7083, 15.5643, row split3, 23.8366, 91.541, 16.6235, row split4, 24.1508, 90.3499, 16.4072, merge path, 39.4164, 55.3582, 10.0528, 
/data/ctcyang/GraphBLAS/dataset/europar/large/af_3_k101/af_3_k101.mtx, 503625, 503625, 17047051, 0, 0, 0, 0, 0, 0, 0, 0, 0, 0, 0, 0, 0, 0, 9, 1, 0, 0, 0, 850, 0, 0, 0, 0, 5905, 0, 0, 0, 0, 840, 0, 0, 496020, 0, 33.8487, 1.25655, 0.0371225, -8.60193, cusparse, 30.0567, 72.5968, 13.1833, cusparse2, 22.5077, 96.9454, 17.6049, row split, 24.8984, 87.6369, 15.9145, row split2, 25.4682, 85.6763, 15.5585, row split3, 23.8424, 91.5187, 16.6194, row split4, 24.1525, 90.3434, 16.406, merge path, 39.4173, 55.357, 10.0526, 
/data/ctcyang/GraphBLAS/dataset/europar/large/af_shell1/af_shell1.mtx, 504855, 504855, 17084021, 0, 0, 0, 0, 0, 0, 0, 0, 0, 0, 0, 0, 0, 0, 0, 0, 0, 0, 0, 1275, 0, 0, 0, 0, 4005, 0, 0, 0, 0, 5119, 1, 0, 494455, 0, 33.8395, 1.27521, 0.0376842, -8.07838, cusparse, 30.1548, 72.5176, 13.1713, cusparse2, 22.941, 95.3207, 17.313, row split, 24.8901, 87.8564, 15.9572, row split2, 25.4595, 85.8916, 15.6004, row split3, 23.8367, 91.7389, 16.6624, row split4, 24.156, 90.5263, 16.4422, merge path, 39.5577, 55.2802, 10.0405, 
/data/ctcyang/GraphBLAS/dataset/europar/large/af_shell10/af_shell10.mtx, 1508065, 1508065, 51164261, 0, 0, 0, 0, 0, 0, 0, 0, 0, 0, 0, 0, 0, 0, 19, 1, 0, 0, 0, 2610, 0, 0, 0, 0, 5730, 0, 0, 0, 0, 2620, 0, 0, 1497085, 0, 33.9271, 0.901532, 0.0265726, -13.3542, cusparse, 90.1287, 72.6631, 13.1753, cusparse2, 71.2426, 91.9257, 16.6681, row split, 74.7611, 87.5994, 15.8836, row split2, 76.5415, 85.5617, 15.5141, row split3, 71.6223, 91.4383, 16.5797, row split4, 72.6437, 90.1527, 16.3466, merge path, 72.6437, 90.1527, 16.3466, 
/data/ctcyang/GraphBLAS/dataset/europar/large/af_shell2/af_shell2.mtx, 504855, 504855, 17084021, 0, 0, 0, 0, 0, 0, 0, 0, 0, 0, 0, 0, 0, 0, 0, 0, 0, 0, 0, 1275, 0, 0, 0, 0, 4005, 0, 0, 0, 0, 5119, 1, 0, 494455, 0, 33.8395, 1.27521, 0.0376842, -8.07838, cusparse, 30.1558, 72.5153, 13.1709, cusparse2, 22.9463, 95.2986, 17.309, row split, 24.8885, 87.8622, 15.9583, row split2, 25.4581, 85.8962, 15.6012, row split3, 23.8348, 91.7463, 16.6638, row split4, 24.1532, 90.5367, 16.4441, merge path, 39.5593, 55.2778, 10.04, 
/data/ctcyang/GraphBLAS/dataset/europar/large/af_shell3/af_shell3.mtx, 504855, 504855, 17084021, 0, 0, 0, 0, 0, 0, 0, 0, 0, 0, 0, 0, 0, 0, 0, 0, 0, 0, 0, 1275, 0, 0, 0, 0, 4005, 0, 0, 0, 0, 5119, 1, 0, 494455, 0, 33.8395, 1.27521, 0.0376842, -8.07838, cusparse, 30.1629, 72.4982, 13.1677, cusparse2, 22.9447, 95.3054, 17.3102, row split, 24.8832, 87.8809, 15.9617, row split2, 25.4554, 85.9054, 15.6029, row split3, 23.8344, 91.7479, 16.664, row split4, 24.1493, 90.5516, 16.4468, merge path, 39.5585, 55.279, 10.0403, 
/data/ctcyang/GraphBLAS/dataset/europar/large/af_shell4/af_shell4.mtx, 504855, 504855, 17084021, 0, 0, 0, 0, 0, 0, 0, 0, 0, 0, 0, 0, 0, 0, 0, 0, 0, 0, 0, 1275, 0, 0, 0, 0, 4005, 0, 0, 0, 0, 5119, 1, 0, 494455, 0, 33.8395, 1.27521, 0.0376842, -8.07838, cusparse, 30.1569, 72.5125, 13.1703, cusparse2, 22.9439, 95.3089, 17.3108, row split, 24.8918, 87.8503, 15.9561, row split2, 25.4599, 85.8901, 15.6001, row split3, 23.8379, 91.7342, 16.6616, row split4, 24.1563, 90.5253, 16.442, merge path, 39.55, 55.2909, 10.0424, 
/data/ctcyang/GraphBLAS/dataset/europar/large/af_shell5/af_shell5.mtx, 504855, 504855, 17084021, 0, 0, 0, 0, 0, 0, 0, 0, 0, 0, 0, 0, 0, 0, 0, 0, 0, 0, 0, 1275, 0, 0, 0, 0, 4005, 0, 0, 0, 0, 5119, 1, 0, 494455, 0, 33.8395, 1.27521, 0.0376842, -8.07838, cusparse, 30.1553, 72.5165, 13.1711, cusparse2, 22.9445, 95.3062, 17.3103, row split, 24.8881, 87.8633, 15.9585, row split2, 25.4603, 85.8887, 15.5999, row split3, 23.8383, 91.733, 16.6613, row split4, 24.1548, 90.5307, 16.443, merge path, 39.5571, 55.2809, 10.0406, 
/data/ctcyang/GraphBLAS/dataset/europar/large/af_shell6/af_shell6.mtx, 504855, 504855, 17084021, 0, 0, 0, 0, 0, 0, 0, 0, 0, 0, 0, 0, 0, 0, 0, 0, 0, 0, 0, 1275, 0, 0, 0, 0, 4005, 0, 0, 0, 0, 5119, 1, 0, 494455, 0, 33.8395, 1.27521, 0.0376842, -8.07838, cusparse, 30.1573, 72.5116, 13.1702, cusparse2, 22.9451, 95.304, 17.3099, row split, 24.8894, 87.8589, 15.9577, row split2, 25.4606, 85.8879, 15.5997, row split3, 23.8395, 91.7282, 16.6605, row split4, 24.159, 90.515, 16.4401, merge path, 39.5535, 55.286, 10.0415, 
/data/ctcyang/GraphBLAS/dataset/europar/large/af_shell7/af_shell7.mtx, 504855, 504855, 17084021, 0, 0, 0, 0, 0, 0, 0, 0, 0, 0, 0, 0, 0, 0, 0, 0, 0, 0, 0, 1275, 0, 0, 0, 0, 4005, 0, 0, 0, 0, 5119, 1, 0, 494455, 0, 33.8395, 1.27521, 0.0376842, -8.07838, cusparse, 30.1556, 72.5157, 13.1709, cusparse2, 22.9439, 95.3089, 17.3108, row split, 24.8856, 87.8724, 15.9602, row split2, 25.4567, 85.9009, 15.6021, row split3, 23.8368, 91.7384, 16.6623, row split4, 24.1535, 90.5355, 16.4439, merge path, 39.553, 55.2867, 10.0416, 
/data/ctcyang/GraphBLAS/dataset/europar/large/af_shell8/af_shell8.mtx, 504855, 504855, 17084021, 0, 0, 0, 0, 0, 0, 0, 0, 0, 0, 0, 0, 0, 0, 0, 0, 0, 0, 0, 1275, 0, 0, 0, 0, 4005, 0, 0, 0, 0, 5119, 1, 0, 494455, 0, 33.8395, 1.27521, 0.0376842, -8.07838, cusparse, 30.1639, 72.4957, 13.1673, cusparse2, 22.947, 95.2959, 17.3085, row split, 24.8911, 87.8529, 15.9566, row split2, 25.4635, 85.878, 15.5979, row split3, 23.8376, 91.7354, 16.6618, row split4, 24.1565, 90.5244, 16.4418, merge path, 39.5503, 55.2905, 10.0423, 
/data/ctcyang/GraphBLAS/dataset/europar/large/af_shell9/af_shell9.mtx, 504855, 504855, 17084021, 0, 0, 0, 0, 0, 0, 0, 0, 0, 0, 0, 0, 0, 0, 0, 0, 0, 0, 0, 1275, 0, 0, 0, 0, 4005, 0, 0, 0, 0, 5119, 1, 0, 494455, 0, 33.8395, 1.27521, 0.0376842, -8.07838, cusparse, 30.1592, 72.5071, 13.1694, cusparse2, 22.9464, 95.2984, 17.3089, row split, 25.0794, 87.1932, 15.8368, row split2, 25.4569, 85.9003, 15.602, row split3, 23.8365, 91.7398, 16.6626, row split4, 24.1534, 90.536, 16.4439, merge path, 39.5623, 55.2737, 10.0393, 
/data/ctcyang/GraphBLAS/dataset/europar/large/as-Skitter/as-Skitter.mtx, 1696415, 1696415, 22190596, 0, 218399, 256866, 190305, 150663, 124595, 99405, 81359, 67978, 57216, 46512, 39115, 33125, 28817, 24845, 21187, 18254, 16040, 14518, 12805, 11423, 10348, 9592, 8509, 7938, 7058, 6808, 6018, 5624, 5234, 4906, 4754, 106199, 58, 13.0809, 136.861, 10.4626, 132.955, cusparse, 275.849, 10.2969, 3.81685, cusparse2, 60.6973, 46.7961, 17.3463, row split, 54.9847, 51.658, 19.1485, row split2, 59.4171, 47.8044, 17.7201, row split3, 51.9835, 54.6403, 20.254, row split4, 55.4208, 51.2515, 18.9978, merge path, 55.4208, 51.2515, 18.9978, 
/data/ctcyang/GraphBLAS/dataset/europar/large/asia_osm/asia_osm.mtx, 11950757, 11950757, 25423206, 0, 417257, 9912659, 1307462, 309091, 3902, 350, 23, 7, 6, 0, 0, 0, 0, 0, 0, 0, 0, 0, 0, 0, 0, 0, 0, 0, 0, 0, 0, 0, 0, 0, 0, 0, 0, 2.12733, 0.484832, 0.227906, 1.7617, cusparse, 120.009, 27.1161, 53.0792, cusparse2, 124.605, 26.1158, 51.1212, row split, 301.503, 10.7932, 21.1274, row split2, 326.525, 9.96607, 19.5084, row split3, 286.076, 11.3752, 22.2667, row split4, 303.276, 10.7301, 21.0039, merge path, 303.276, 10.7301, 21.0039, 
/data/ctcyang/GraphBLAS/dataset/europar/large/audikw_1/audikw_1.mtx, 943695, 943695, 76708153, 0, 0, 0, 0, 0, 0, 0, 0, 0, 0, 0, 0, 0, 0, 0, 0, 0, 0, 0, 0, 162, 0, 0, 18, 0, 0, 0, 0, 0, 3603, 0, 0, 939912, 0, 81.2849, 42.4453, 0.522179, 2.26782, cusparse, 139.76, 70.2538, 7.87504, cusparse2, 100.165, 98.0248, 10.988, row split, 72.7526, 134.959, 15.1281, row split2, 73.4307, 133.713, 14.9884, row split3, 69.7964, 140.675, 15.7689, row split4, 70.154, 139.958, 15.6885, merge path, 70.154, 139.958, 15.6885, 
/data/ctcyang/GraphBLAS/dataset/europar/large/barrier2-1/barrier2-1.mtx, 113076, 113076, 3805068, 0, 0, 0, 0, 0, 0, 0, 0, 0, 0, 8, 0, 190, 0, 494, 744, 353, 682, 7293, 1443, 207, 18532, 386, 405, 9143, 589, 569, 9251, 446, 137, 6592, 362, 55250, 0, 33.6505, 24.9358, 0.741022, 196.745, cusparse, 11.4518, 42.5302, 7.75314, cusparse2, 6.30889, 77.2003, 14.0734, row split, 4.53927, 107.297, 19.5599, row split2, 4.75797, 102.365, 18.6608, row split3, 4.51473, 107.88, 19.6663, row split4, 4.63819, 105.008, 19.1428, merge path, 8.8923, 54.7719, 9.98479, 
/data/ctcyang/GraphBLAS/dataset/europar/large/barrier2-10/barrier2-10.mtx, 115625, 115625, 3897557, 0, 0, 0, 0, 0, 0, 0, 0, 186, 298, 90, 77, 60, 72, 41, 590, 457, 200, 6403, 1720, 1177, 18073, 1766, 257, 8700, 1384, 280, 8735, 1079, 200, 6469, 573, 56738, 0, 33.7086, 28.4608, 0.844318, 224.247, cusparse, 11.7462, 42.4722, 7.73381, cusparse2, 6.47163, 77.0884, 14.0371, row split, 4.64831, 107.327, 19.5432, row split2, 4.8665, 102.515, 18.667, row split3, 4.76897, 104.611, 19.0487, row split4, 4.89074, 102.007, 18.5745, merge path, 9.10602, 54.7865, 9.97614, 
/data/ctcyang/GraphBLAS/dataset/europar/large/barrier2-11/barrier2-11.mtx, 115625, 115625, 3897557, 0, 0, 0, 0, 0, 0, 0, 0, 186, 298, 90, 77, 60, 72, 41, 590, 457, 200, 6403, 1720, 1177, 18073, 1766, 257, 8700, 1384, 280, 8735, 1079, 200, 6469, 573, 56738, 0, 33.7086, 28.4608, 0.844318, 224.247, cusparse, 11.75, 42.4584, 7.73129, cusparse2, 6.47294, 77.0728, 14.0343, row split, 4.64668, 107.364, 19.5501, row split2, 4.86587, 102.528, 18.6694, row split3, 4.77449, 104.49, 19.0267, row split4, 4.89103, 102.001, 18.5734, merge path, 9.10402, 54.7986, 9.97833, 
/data/ctcyang/GraphBLAS/dataset/europar/large/barrier2-12/barrier2-12.mtx, 115625, 115625, 3897557, 0, 0, 0, 0, 0, 0, 0, 0, 186, 298, 90, 77, 60, 72, 41, 590, 457, 200, 6403, 1720, 1177, 18073, 1766, 257, 8700, 1384, 280, 8735, 1079, 200, 6469, 573, 56738, 0, 33.7086, 28.4608, 0.844318, 224.247, cusparse, 11.7512, 42.4541, 7.73052, cusparse2, 6.47214, 77.0823, 14.036, row split, 4.64775, 107.339, 19.5456, row split2, 4.86727, 102.498, 18.664, row split3, 4.78194, 104.327, 18.9971, row split4, 4.8878, 102.068, 18.5856, merge path, 9.10741, 54.7782, 9.97462, 
/data/ctcyang/GraphBLAS/dataset/europar/large/barrier2-2/barrier2-2.mtx, 113076, 113076, 3805068, 0, 0, 0, 0, 0, 0, 0, 0, 0, 0, 8, 0, 190, 0, 494, 744, 353, 682, 7293, 1443, 207, 18532, 386, 405, 9143, 589, 569, 9251, 446, 137, 6592, 362, 55250, 0, 33.6505, 24.9358, 0.741022, 196.745, cusparse, 11.4508, 42.5341, 7.75387, cusparse2, 6.30949, 77.193, 14.0721, row split, 4.54628, 107.131, 19.5298, row split2, 4.76188, 102.281, 18.6455, row split3, 4.52603, 107.611, 19.6172, row split4, 4.63151, 105.16, 19.1704, merge path, 8.89572, 54.7509, 9.98095, 
/data/ctcyang/GraphBLAS/dataset/europar/large/barrier2-3/barrier2-3.mtx, 113076, 113076, 3805068, 0, 0, 0, 0, 0, 0, 0, 0, 0, 0, 8, 0, 190, 0, 494, 744, 353, 682, 7293, 1443, 207, 18532, 386, 405, 9143, 589, 569, 9251, 446, 137, 6592, 362, 55250, 0, 33.6505, 24.9358, 0.741022, 196.745, cusparse, 11.4546, 42.5198, 7.75125, cusparse2, 6.30859, 77.2041, 14.0741, row split, 4.5422, 107.227, 19.5473, row split2, 4.76133, 102.292, 18.6477, row split3, 4.52313, 107.68, 19.6297, row split4, 4.63397, 105.104, 19.1602, merge path, 8.88832, 54.7965, 9.98927, 
/data/ctcyang/GraphBLAS/dataset/europar/large/barrier2-4/barrier2-4.mtx, 113076, 113076, 3805068, 0, 0, 0, 0, 0, 0, 0, 0, 0, 0, 8, 0, 190, 0, 494, 744, 353, 682, 7293, 1443, 207, 18532, 386, 405, 9143, 589, 569, 9251, 446, 137, 6592, 362, 55250, 0, 33.6505, 24.9358, 0.741022, 196.745, cusparse, 11.4562, 42.514, 7.75019, cusparse2, 6.30788, 77.2127, 14.0757, row split, 4.54124, 107.25, 19.5514, row split2, 4.76069, 102.306, 18.6502, row split3, 4.52629, 107.604, 19.616, row split4, 4.63459, 105.09, 19.1576, merge path, 8.89271, 54.7694, 9.98433, 
/data/ctcyang/GraphBLAS/dataset/europar/large/barrier2-9/barrier2-9.mtx, 115625, 115625, 3897557, 0, 0, 0, 0, 0, 0, 0, 0, 186, 298, 90, 77, 60, 72, 41, 590, 457, 200, 6403, 1720, 1177, 18073, 1766, 257, 8700, 1384, 280, 8735, 1079, 200, 6469, 573, 56738, 0, 33.7086, 28.4608, 0.844318, 224.247, cusparse, 11.7476, 42.4673, 7.73292, cusparse2, 6.4734, 77.0673, 14.0333, row split, 4.64778, 107.339, 19.5455, row split2, 4.86675, 102.509, 18.6661, row split3, 4.77694, 104.437, 19.017, row split4, 4.88997, 102.023, 18.5774, merge path, 9.10593, 54.7871, 9.97625, 
/data/ctcyang/GraphBLAS/dataset/europar/large/bcsstk30/bcsstk30.mtx, 28924, 28924, 2014569, 0, 0, 0, 2, 19, 4, 5, 6, 31, 24, 5, 57, 34, 35, 105, 198, 51, 176, 13, 25, 101, 38, 92, 419, 44, 441, 129, 20, 19, 20, 24, 20, 26767, 0, 69.6504, 31.7231, 0.455462, 0.903853, cusparse, 3.44953, 74.7536, 8.99871, cusparse2, 2.80613, 91.8934, 11.062, row split, 1.92976, 133.626, 16.0856, row split2, 1.96927, 130.944, 15.7628, row split3, 1.8457, 139.711, 16.8182, row split4, 1.86457, 138.297, 16.648, merge path, 4.51128, 57.1601, 6.88083, 
/data/ctcyang/GraphBLAS/dataset/europar/large/bcsstk32/bcsstk32.mtx, 44609, 44609, 1970093, 0, 2, 0, 0, 0, 6, 0, 31, 93, 55, 7, 304, 32, 40, 178, 316, 103, 1608, 94, 302, 286, 144, 198, 794, 111, 202, 2154, 168, 203, 708, 362, 356, 35752, 0, 44.1636, 15.485, 0.350629, 1.08837, cusparse, 3.32713, 75.7926, 11.6554, cusparse2, 2.62956, 95.899, 14.7473, row split, 2.10929, 119.553, 18.3849, row split2, 2.16316, 116.575, 17.927, row split3, 2.01144, 125.369, 19.2792, row split4, 2.04831, 123.112, 18.9322, merge path, 4.49029, 56.1594, 8.63619, 
/data/ctcyang/GraphBLAS/dataset/europar/large/bcsstk39/bcsstk39.mtx, 46772, 46772, 2042523, 0, 0, 0, 0, 0, 0, 0, 0, 0, 0, 0, 4, 0, 0, 0, 0, 0, 796, 0, 0, 0, 20, 0, 52, 0, 0, 0, 0, 0, 690, 0, 0, 45210, 0, 43.6698, 4.95384, 0.113439, -2.68084, cusparse, 3.28086, 79.6873, 12.3366, cusparse2, 2.5059, 104.331, 16.1517, row split, 2.31416, 112.975, 17.49, row split2, 2.37011, 110.308, 17.0771, row split3, 2.20434, 118.604, 18.3613, row split4, 2.24592, 116.408, 18.0214, merge path, 4.64401, 56.2969, 8.71543, 
/data/ctcyang/GraphBLAS/dataset/europar/large/bone010/bone010.mtx, 986703, 986703, 70679623, 0, 0, 0, 0, 0, 0, 0, 0, 0, 0, 0, 12, 0, 0, 0, 0, 0, 6, 0, 0, 0, 0, 0, 37868, 1, 0, 3, 0, 0, 9, 0, 0, 948804, 0, 71.6321, 15.8104, 0.220717, -1.83825, cusparse, 111.939, 80.821, 9.59969, cusparse2, 84.8456, 106.629, 12.6651, row split, 67.7812, 133.473, 15.8536, row split2, 68.5269, 132.021, 15.6811, row split3, 65.0442, 139.09, 16.5207, row split4, 65.3753, 138.385, 16.437, merge path, 65.3753, 138.385, 16.437, 
/data/ctcyang/GraphBLAS/dataset/europar/large/boneS10/boneS10.mtx, 914898, 914898, 54553525, 0, 0, 0, 0, 0, 0, 0, 0, 0, 0, 0, 33, 0, 0, 0, 0, 0, 9, 0, 0, 12, 0, 0, 107180, 1, 0, 3, 0, 0, 21, 0, 0, 807639, 0, 59.628, 20.374, 0.341685, -0.537001, cusparse, 89.4104, 78.0989, 10.1612, cusparse2, 72.9652, 95.7011, 12.4514, row split, 55.9166, 124.88, 16.2477, row split2, 56.8049, 122.927, 15.9936, row split3, 53.2402, 131.157, 17.0645, row split4, 53.6488, 130.159, 16.9345, merge path, 53.6488, 130.159, 16.9345, 
/data/ctcyang/GraphBLAS/dataset/europar/large/bundle_adj/bundle_adj.mtx, 513351, 513351, 19694701, 0, 0, 27, 0, 0, 18, 0, 0, 105945, 0, 0, 0, 0, 0, 185535, 0, 0, 0, 0, 0, 95070, 0, 0, 0, 0, 0, 41244, 0, 0, 0, 0, 0, 85512, 24, 38.365, 250.766, 6.53633, 17.8208, cusparse, 52.984, 47.579, 7.97311, cusparse2, 30.9259, 81.5149, 13.66, row split, 22.4706, 112.188, 18.8, row split2, 23.5859, 106.883, 17.911, row split3, 21.4897, 117.308, 19.6581, row split4, 22.239, 113.356, 18.9957, merge path, 22.239, 113.356, 18.9957, 
/data/ctcyang/GraphBLAS/dataset/europar/large/c-big/c-big.mtx, 345241, 345241, 1995771, 0, 134516, 8749, 38412, 20718, 8509, 12022, 38133, 40300, 4069, 4672, 4268, 2144, 2398, 3046, 2813, 1115, 397, 516, 5040, 586, 300, 534, 2399, 414, 218, 320, 1836, 390, 174, 246, 1018, 4969, 1, 5.78081, 36.4441, 6.30434, 468.091, cusparse, 8.38518, 30.4655, 23.1492, cusparse2, 6.66923, 38.3041, 29.1054, row split, 10.7318, 23.8039, 18.0874, row split2, 11.5783, 22.0635, 16.765, row split3, 11.1209, 22.9711, 17.4546, row split4, 11.7082, 21.8189, 16.5791, merge path, 5.10957, 49.9961, 37.9896, 
/data/ctcyang/GraphBLAS/dataset/europar/large/c8_mat11/c8_mat11.mtx, 4562, 5761, 2462970, 0, 0, 0, 0, 0, 0, 0, 0, 0, 0, 0, 0, 0, 0, 0, 437, 0, 0, 0, 0, 0, 0, 0, 0, 0, 515, 0, 0, 0, 0, 0, 0, 3610, 0, 539.888, 427.66, 0.792126, -0.112917, cusparse, 4.06063, 77.6383, 5.4321, cusparse2, 3.12794, 100.789, 7.05186, row split, 2.17034, 145.258, 10.1633, row split2, 2.18562, 144.243, 10.0922, row split3, 2.0955, 150.446, 10.5262, row split4, 2.10581, 149.71, 10.4747, merge path, 5.19605, 60.6731, 4.2451, 
/data/ctcyang/GraphBLAS/dataset/europar/large/c8_mat11_I/c8_mat11_I.mtx, 4562, 5761, 2462970, 0, 0, 0, 0, 0, 0, 0, 0, 0, 0, 0, 0, 0, 0, 0, 437, 0, 0, 0, 0, 0, 0, 0, 0, 0, 515, 0, 0, 0, 0, 0, 0, 3610, 0, 539.888, 427.66, 0.792126, -0.112917, cusparse, 4.01213, 78.5767, 5.49776, cusparse2, 3.11434, 101.229, 7.08265, row split, 2.15826, 146.072, 10.2202, row split2, 2.16157, 145.847, 10.2045, row split3, 2.07952, 151.602, 10.6071, row split4, 2.09864, 150.221, 10.5105, merge path, 5.222, 60.3715, 4.224, 
/data/ctcyang/GraphBLAS/dataset/europar/large/cage12/cage12.mtx, 130228, 130228, 2032536, 0, 0, 0, 0, 0, 1024, 0, 2304, 5440, 1664, 5936, 11600, 6912, 9848, 12344, 9364, 11248, 10609, 7690, 8779, 5932, 4747, 4712, 2297, 2760, 1483, 982, 1055, 462, 544, 180, 252, 60, 0, 15.6075, 4.70918, 0.301725, 0.371495, cusparse, 4.40512, 59.0596, 18.9457, cusparse2, 3.3344, 78.0245, 25.0294, row split, 3.35692, 77.5009, 24.8614, row split2, 3.85064, 67.564, 21.6738, row split3, 3.16402, 82.2259, 26.3772, row split4, 3.49613, 74.415, 23.8715, merge path, 4.94982, 52.5604, 16.8608, 
/data/ctcyang/GraphBLAS/dataset/europar/large/cage14/cage14.mtx, 1505785, 1505785, 27130349, 0, 0, 0, 0, 0, 4096, 0, 12800, 26240, 10688, 42368, 79888, 45088, 78640, 113480, 96400, 112232, 117689, 105818, 105709, 100980, 79914, 77754, 69761, 48500, 42577, 37646, 23578, 20146, 15354, 11074, 7627, 19738, 0, 18.0174, 5.36783, 0.297924, 0.411992, cusparse, 75.2638, 46.1402, 13.2072, cusparse2, 43.8577, 79.1808, 22.6649, row split, 39.4029, 88.1327, 25.2273, row split2, 44.5847, 77.8896, 22.2953, row split3, 36.9216, 94.0556, 26.9227, row split4, 40.3828, 85.9942, 24.6151, merge path, 40.3828, 85.9942, 24.6151, 
/data/ctcyang/GraphBLAS/dataset/europar/large/cage15/cage15.mtx, 5154859, 5154859, 99199551, 0, 0, 0, 128, 0, 8912, 888, 29656, 57736, 28636, 113408, 197226, 116754, 221080, 334416, 277544, 332384, 385774, 344308, 361776, 360106, 300817, 301900, 275404, 205396, 200480, 156318, 113060, 108634, 72584, 63826, 50530, 135178, 0, 19.2439, 5.73672, 0.298106, 0.456587, cusparse, 312.915, 40.5783, 11.0366, cusparse2, 160.57, 79.0778, 21.5077, row split, 137.215, 92.5376, 25.1686, row split2, 156.702, 81.0298, 22.0387, row split3, 128.238, 99.0155, 26.9304, row split4, 143.092, 88.7368, 24.1348, merge path, 143.092, 88.7368, 24.1348, 
/data/ctcyang/GraphBLAS/dataset/europar/large/ch7-9-b5/ch7-9-b5.mtx, 423360, 317520, 2540160, 0, 0, 0, 0, 0, 0, 423360, 0, 0, 0, 0, 0, 0, 0, 0, 0, 0, 0, 0, 0, 0, 0, 0, 0, 0, 0, 0, 0, 0, 0, 0, 0, 0, 0, 6, 0, 0, -nan, cusparse, 7.34837, 44.2466, 32.4936, cusparse2, 5.9191, 54.9308, 40.3398, row split, 10.7564, 30.2276, 22.1984, row split2, 11.811, 27.5286, 20.2163, row split3, 10.1679, 31.9772, 23.4833, row split4, 10.8706, 29.9101, 21.9652, merge path, 6.56325, 49.5395, 36.3806, 
/data/ctcyang/GraphBLAS/dataset/europar/large/channel-500x100x100-b050/channel-500x100x100-b050.mtx, 4802000, 4802000, 85362744, 0, 0, 0, 0, 0, 0, 8, 0, 0, 2760, 0, 0, 0, 209664, 0, 0, 0, 0, 4589568, 0, 0, 0, 0, 0, 0, 0, 0, 0, 0, 0, 0, 0, 0, 0, 17.7765, 1.04326, 0.0586875, -4.52559, cusparse, 192.923, 56.6364, 16.3834, cusparse2, 124.483, 87.7747, 25.3909, row split, 123.345, 88.584, 25.6251, row split2, 135.522, 80.6249, 23.3227, row split3, 116.889, 93.4768, 27.0404, row split4, 124.61, 87.6854, 25.3651, merge path, 124.61, 87.6854, 25.3651, 
/data/ctcyang/GraphBLAS/dataset/europar/large/circuit5M/circuit5M.mtx, 5558326, 5558326, 59524291, 0, 462, 4498, 4382, 28332, 5162008, 2566, 1248, 816, 778, 332, 2290, 78, 20, 19, 26, 11, 10, 94, 157, 7, 13, 18, 19, 15, 10, 17, 4, 5, 1, 1, 1481, 348608, 20, 10.709, 1356.62, 126.68, 868.029, cusparse, 260.091, 29.294, 12.8581, cusparse2, 189.269, 40.2555, 17.6695, row split, 238.496, 31.9464, 14.0224, row split2, 247.767, 30.7511, 13.4977, row split3, 299.092, 25.4742, 11.1815, row split4, 303.136, 25.1343, 11.0323, merge path, 303.136, 25.1343, 11.0323, 
/data/ctcyang/GraphBLAS/dataset/europar/large/citationCiteseer/citationCiteseer.mtx, 268495, 268495, 2313294, 0, 37842, 34555, 29113, 24317, 20251, 17352, 14501, 12071, 10186, 8502, 7248, 5961, 5117, 4456, 3907, 3271, 2786, 2445, 2075, 1914, 1703, 1412, 1302, 1129, 1025, 921, 856, 742, 720, 633, 581, 9601, 0, 8.61578, 16.2825, 1.88984, 17.7068, cusparse, 70.0173, 4.22898, 2.24301, cusparse2, 10.0047, 29.5961, 15.6975, row split, 7.55022, 39.2176, 20.8007, row split2, 8.3144, 35.6131, 18.8889, row split3, 7.05087, 41.995, 22.2738, row split4, 7.64668, 38.7229, 20.5383, merge path, 5.98997, 49.4329, 26.2188, 
/data/ctcyang/GraphBLAS/dataset/europar/large/coPapersCiteseer/coPapersCiteseer.mtx, 434102, 434102, 32073440, 0, 5283, 7384, 7915, 8406, 8514, 7926, 8001, 7759, 7426, 7470, 7065, 7226, 6292, 6548, 6503, 6057, 5812, 5781, 5631, 5422, 5352, 5255, 5065, 4815, 4696, 4574, 4721, 4295, 4750, 4211, 3871, 244076, 0, 73.8846, 101.278, 1.37076, 3.46726, cusparse, 71.9772, 57.0375, 6.67689, cusparse2, 51.1465, 80.2675, 9.39623, row split, 31.7595, 129.265, 15.132, row split2, 32.619, 125.859, 14.7332, row split3, 30.226, 135.823, 15.8997, row split4, 30.7082, 133.691, 15.65, merge path, 30.7082, 133.691, 15.65, 
/data/ctcyang/GraphBLAS/dataset/europar/large/coPapersDBLP/coPapersDBLP.mtx, 540486, 540486, 30491458, 0, 8864, 11336, 11778, 11806, 11550, 11180, 10940, 10593, 10068, 9851, 9464, 9264, 8821, 8266, 8469, 7916, 8140, 7388, 7343, 7042, 6500, 6766, 6717, 6682, 5995, 6075, 5995, 5600, 5695, 5403, 5432, 283547, 0, 56.4149, 66.2361, 1.17409, 3.09408, cusparse, 124.202, 31.4237, 4.20944, cusparse2, 54.7401, 71.2989, 9.551, row split, 32.5866, 119.77, 16.0441, row split2, 33.7893, 115.507, 15.473, row split3, 30.7379, 126.974, 17.0091, row split4, 31.6568, 123.288, 16.5153, merge path, 31.6568, 123.288, 16.5153, 
/data/ctcyang/GraphBLAS/dataset/europar/large/cop20k_A/cop20k_A.mtx, 121192, 121192, 2524489, 21349, 0, 0, 0, 0, 0, 0, 4, 220, 110, 0, 3, 107, 4264, 0, 5, 331, 12746, 1, 16, 834, 13190, 46810, 5, 0, 7, 216, 308, 14, 0, 71, 1976, 18605, 0, 20.8305, 13.5186, 0.648984, 0.512183, cusparse, 10.0553, 32.1357, 8.2276, cusparse2, 4.17092, 77.4732, 19.8352, row split, 3.54134, 91.2464, 23.3615, row split2, 3.71491, 86.9832, 22.27, row split3, 2.95566, 109.327, 27.9907, row split4, 3.48087, 92.8316, 23.7673, merge path, 3.48087, 92.8316, 23.7673, 
/data/ctcyang/GraphBLAS/dataset/europar/large/ct20stif/ct20stif.mtx, 52329, 52329, 2646135, 0, 2, 5, 4, 2, 10, 4, 52, 16, 4, 20, 411, 10, 39, 107, 90, 56, 905, 35, 127, 165, 83, 184, 1269, 46, 132, 394, 119, 204, 1200, 104, 202, 46328, 0, 50.5673, 16.9786, 0.335763, 0.530362, cusparse, 4.41536, 76.7107, 10.9098, cusparse2, 3.54661, 95.5012, 13.5822, row split, 2.76763, 122.381, 17.4051, row split2, 2.82741, 119.794, 17.0371, row split3, 2.63616, 128.484, 18.2731, row split4, 2.67135, 126.792, 18.0324, merge path, 6.01141, 56.3437, 8.01323, 
/data/ctcyang/GraphBLAS/dataset/europar/large/darcy003/darcy003.mtx, 389874, 389874, 1867115, 0, 0, 1837, 154927, 0, 0, 233110, 0, 0, 0, 0, 0, 0, 0, 0, 0, 0, 0, 0, 0, 0, 0, 0, 0, 0, 0, 0, 0, 0, 0, 0, 0, 0, 0, 4.78902, 1.47828, 0.308681, -0.407295, cusparse, 13.4896, 17.7167, 16.0206, cusparse2, 5.34103, 44.7462, 40.4626, row split, 9.90299, 24.1332, 21.8229, row split2, 10.9621, 21.8015, 19.7144, row split3, 9.36226, 25.527, 23.0833, row split4, 10.0235, 23.843, 21.5604, merge path, 4.96744, 48.1114, 43.5057, 
/data/ctcyang/GraphBLAS/dataset/europar/large/delaunay_n22/delaunay_n22.mtx, 4194304, 4194304, 25165738, 0, 0, 0, 47285, 448265, 1089395, 1234573, 834028, 377459, 124287, 31287, 6324, 1061, 192, 59, 34, 22, 11, 10, 4, 5, 1, 1, 1, 0, 0, 0, 0, 0, 0, 0, 0, 0, 0, 5.99998, 1.33638, 0.222731, 0.448473, cusparse, 94.0303, 34.2572, 25.1577, cusparse2, 65.8134, 48.9446, 35.9438, row split, 106.129, 30.352, 22.2898, row split2, 114.821, 28.0542, 20.6024, row split3, 100.511, 32.0483, 23.5356, row split4, 106.636, 30.2077, 22.1838, merge path, 106.636, 30.2077, 22.1838, 
/data/ctcyang/GraphBLAS/dataset/europar/large/delaunay_n23/delaunay_n23.mtx, 8388608, 8388608, 50331568, 0, 0, 0, 94444, 897140, 2175098, 2475341, 1664329, 755704, 248624, 62578, 12597, 2153, 377, 90, 41, 38, 15, 17, 6, 5, 5, 4, 0, 0, 0, 1, 0, 1, 0, 0, 0, 0, 0, 5.99999, 1.336, 0.222667, 0.446777, cusparse, 186.63, 34.5199, 25.3506, cusparse2, 131.692, 48.9206, 35.9261, row split, 212.317, 30.3434, 22.2835, row split2, 229.672, 28.0506, 20.5997, row split3, 201.062, 32.0421, 23.531, row split4, 213.281, 30.2063, 22.1828, merge path, 213.281, 30.2063, 22.1828, 
/data/ctcyang/GraphBLAS/dataset/europar/large/dielFilterV2real/dielFilterV2real.mtx, 1157456, 1157456, 47381497, 0, 0, 0, 0, 0, 6, 0, 10, 0, 2, 0, 664, 0, 22, 0, 220, 0, 15422, 0, 1462, 0, 4140, 0, 52963, 1, 46, 0, 3390, 0, 58476, 0, 602590, 418042, 0, 40.9359, 16.1486, 0.394485, 0.9212, cusparse, 112.058, 54.1222, 8.71245, cusparse2, 78.3106, 77.4459, 12.467, row split, 45.2999, 133.882, 21.5519, row split2, 47.8688, 126.697, 20.3953, row split3, 42.0627, 144.186, 23.2106, row split4, 44.0399, 137.712, 22.1685, merge path, 44.0399, 137.712, 22.1685, 
/data/ctcyang/GraphBLAS/dataset/europar/large/dielFilterV3real/dielFilterV3real.mtx, 1102824, 1102824, 88203197, 0, 0, 0, 0, 0, 0, 0, 0, 18, 0, 0, 0, 0, 0, 0, 0, 0, 1317, 0, 0, 0, 0, 0, 0, 0, 0, 615, 0, 0, 21927, 0, 0, 1078947, 0, 79.9794, 36.5531, 0.457031, 1.51276, cusparse, 204.997, 55.074, 6.21805, cusparse2, 137.893, 81.875, 9.24398, row split, 86.0168, 131.254, 14.819, row split2, 87.3898, 129.191, 14.5862, row split3, 82.002, 137.68, 15.5445, row split4, 83.2978, 135.538, 15.3027, merge path, 83.2978, 135.538, 15.3027, 
/data/ctcyang/GraphBLAS/dataset/europar/large/eu-2005/eu-2005.mtx, 862664, 862664, 19235140, 71675, 51621, 28193, 27979, 22831, 24495, 9843, 18868, 14269, 19469, 14702, 20974, 18082, 18572, 36133, 27376, 31928, 27531, 22917, 18015, 15178, 11956, 9583, 8763, 10383, 9477, 8685, 12956, 31351, 8517, 9086, 5698, 195558, 0, 22.2974, 29.3334, 1.31555, 26.3799, cusparse, 49.4198, 49.82, 12.121, cusparse2, 32.5825, 75.5649, 18.3846, row split, 27.8433, 88.427, 21.5138, row split2, 29.6279, 83.1005, 20.2179, row split3, 26.1704, 94.0796, 22.8891, row split4, 27.5849, 89.2553, 21.7154, merge path, 27.5849, 89.2553, 21.7154, 
/data/ctcyang/GraphBLAS/dataset/europar/large/exdata_1/exdata_1.mtx, 6001, 6001, 2263501, 0, 0, 4499, 1, 0, 0, 0, 0, 0, 0, 0, 0, 0, 0, 0, 0, 0, 0, 0, 0, 0, 0, 0, 0, 0, 0, 0, 0, 0, 0, 0, 0, 1501, 0, 377.187, 649.627, 1.72229, 1.15393, cusparse, 2.3572, 122.912, 8.99564, cusparse2, 2.70217, 107.221, 7.84723, row split, 1.83447, 157.935, 11.5589, row split2, 1.84228, 157.266, 11.5099, row split3, 2.05408, 141.05, 10.3231, row split4, 1.9582, 147.956, 10.8286, merge path, 4.97574, 58.2281, 4.26158, 
/data/ctcyang/GraphBLAS/dataset/europar/large/filter3D/filter3D.mtx, 106437, 106437, 2600743, 0, 0, 0, 0, 0, 0, 0, 10, 15, 1100, 356, 43, 581, 9491, 550, 17, 572, 14982, 18190, 266, 22, 2203, 20439, 951, 20, 267, 19984, 59, 61, 82, 2023, 469, 13684, 0, 24.4346, 12.6756, 0.518756, 2.25891, cusparse, 8.03832, 41.4135, 9.4208, cusparse2, 5.15647, 64.5588, 14.6859, row split, 3.33684, 99.7636, 22.6944, row split2, 3.58259, 92.9204, 21.1377, row split3, 3.08775, 107.811, 24.5251, row split4, 3.26196, 102.054, 23.2153, merge path, 6.13649, 54.2485, 12.3405, 
/data/ctcyang/GraphBLAS/dataset/europar/large/fl2010/fl2010.mtx, 484481, 484481, 2346294, 0, 17496, 50732, 74828, 157101, 72148, 37973, 21670, 13710, 8935, 6520, 4673, 3415, 2709, 2078, 1687, 1395, 1136, 963, 737, 656, 544, 489, 385, 304, 301, 228, 220, 166, 156, 121, 117, 888, 0, 4.8429, 3.48066, 0.718714, 5.45913, cusparse, 12.0959, 24.8287, 22.2193, cusparse2, 8.47403, 35.4407, 31.716, row split, 12.2997, 24.4172, 21.8511, row split2, 13.4099, 22.3958, 20.0421, row split3, 11.656, 25.7657, 23.0578, row split4, 12.424, 24.1731, 21.6326, merge path, 6.15225, 48.8156, 43.6852, 
/data/ctcyang/GraphBLAS/dataset/europar/large/germany_osm/germany_osm.mtx, 11548845, 11548845, 24738362, 0, 656315, 8845277, 1802393, 240369, 4164, 301, 17, 3, 0, 1, 2, 2, 1, 0, 0, 0, 0, 0, 0, 0, 0, 0, 0, 0, 0, 0, 0, 0, 0, 0, 0, 0, 0, 2.14206, 0.528888, 0.246906, 1.05286, cusparse, 167.437, 18.9116, 36.7726, cusparse2, 128.158, 24.7078, 48.043, row split, 292.772, 10.8156, 21.0304, row split2, 323.737, 9.78112, 19.0189, row split3, 276.46, 11.4538, 22.2713, row split4, 296.041, 10.6962, 20.7981, merge path, 296.041, 10.6962, 20.7981, 
/data/ctcyang/GraphBLAS/dataset/europar/large/gsm_106857/gsm_106857.mtx, 589446, 589446, 21169479, 0, 0, 0, 0, 0, 0, 0, 0, 0, 0, 0, 2398, 0, 0, 0, 1272, 0, 50186, 0, 294, 0, 7592, 0, 91696, 0, 362, 0, 12234, 0, 86073, 1, 140958, 196380, 0, 35.9142, 15.6321, 0.435261, 1.06826, cusparse, 237.992, 11.3857, 1.98961, cusparse2, 32.8861, 82.3963, 14.3985, row split, 23.7999, 113.853, 19.8955, row split2, 26.5969, 101.88, 17.8032, row split3, 22.8319, 118.68, 20.739, row split4, 25.5744, 105.953, 18.515, merge path, 25.5744, 105.953, 18.515, 
/data/ctcyang/GraphBLAS/dataset/europar/large/gupta1/gupta1.mtx, 31802, 31802, 2132409, 0, 0, 33, 16, 12, 6, 239, 386, 217, 99, 96, 892, 837, 465, 144, 68, 520, 1039, 730, 219, 65, 183, 749, 703, 250, 131, 697, 1284, 849, 322, 123, 111, 20317, 0, 67.0527, 360.303, 5.37343, 15.9953, cusparse, 6.2486, 43.6815, 5.35625, cusparse2, 4.48224, 60.8956, 7.46705, row split, 2.76108, 98.8557, 12.1218, row split2, 2.82811, 96.5126, 11.8344, row split3, 2.85658, 95.5508, 11.7165, row split4, 2.88882, 94.4844, 11.5857, merge path, 4.85853, 56.1792, 6.88872, 
/data/ctcyang/GraphBLAS/dataset/europar/large/helm2d03/helm2d03.mtx, 392257, 392257, 2349679, 0, 0, 0, 4, 1918, 108, 390140, 81, 6, 0, 0, 0, 0, 0, 0, 0, 0, 0, 0, 0, 0, 0, 0, 0, 0, 0, 0, 0, 0, 0, 0, 0, 0, 0, 5.99015, 0.141762, 0.0236658, -13.5997, cusparse, 8.62212, 34.8822, 25.6552, cusparse2, 5.66085, 53.1296, 39.0757, row split, 9.95031, 30.2261, 22.2307, row split2, 10.8276, 27.777, 20.4294, row split3, 9.42953, 31.8954, 23.4584, row split4, 10.0376, 29.9631, 22.0373, merge path, 6.0788, 49.4767, 36.3891, 
/data/ctcyang/GraphBLAS/dataset/europar/large/hollywood-2009/hollywood-2009.mtx, 1139905, 1139905, 112751423, 32662, 24445, 25004, 25028, 27020, 24591, 23746, 24041, 24292, 25947, 21507, 21591, 20985, 20708, 20856, 18787, 18186, 18022, 17064, 17132, 16154, 15640, 14543, 14694, 14554, 13493, 12920, 12359, 12230, 12079, 11479, 10865, 527281, 2, 98.913, 271.865, 2.74853, 7.34894, cusparse, 738.712, 19.537, 2.0173, cusparse2, 192.931, 74.805, 7.72403, row split, 112.294, 128.522, 13.2706, row split2, 115.608, 124.838, 12.8902, row split3, 107.822, 133.852, 13.821, row split4, 110.699, 130.373, 13.4618, merge path, 110.699, 130.373, 13.4618, 
/data/ctcyang/GraphBLAS/dataset/europar/large/hugetric-00010/hugetric-00010.mtx, 6592765, 6592765, 19771708, 0, 0, 6587, 6586178, 0, 0, 0, 0, 0, 0, 0, 0, 0, 0, 0, 0, 0, 0, 0, 0, 0, 0, 0, 0, 0, 0, 0, 0, 0, 0, 0, 0, 0, 0, 2.999, 0.0315932, 0.0105346, -31.5892, cusparse, 383.088, 6.60626, 9.29301, cusparse2, 80.8, 31.3215, 44.0599, row split, 167.629, 15.0975, 21.2376, row split2, 186.349, 13.5809, 19.1042, row split3, 157.924, 16.0253, 22.5428, row split4, 169.434, 14.9366, 21.0113, merge path, 169.434, 14.9366, 21.0113, 
/data/ctcyang/GraphBLAS/dataset/europar/large/hugetric-00020/hugetric-00020.mtx, 7122792, 7122792, 21361554, 0, 0, 6822, 7115970, 0, 0, 0, 0, 0, 0, 0, 0, 0, 0, 0, 0, 0, 0, 0, 0, 0, 0, 0, 0, 0, 0, 0, 0, 0, 0, 0, 0, 0, 0, 2.99904, 0.030933, 0.0103143, -32.266, cusparse, 409.734, 6.67331, 9.3872, cusparse2, 85.7345, 31.8924, 44.8624, row split, 181.106, 15.0977, 21.2376, row split2, 201.185, 13.5909, 19.118, row split3, 170.635, 16.0241, 22.5408, row split4, 182.897, 14.9498, 21.0296, merge path, 182.897, 14.9498, 21.0296, 
/data/ctcyang/GraphBLAS/dataset/europar/large/human_gene1/human_gene1.mtx, 22283, 22283, 24647361, 392, 320, 243, 139, 147, 132, 111, 86, 81, 89, 78, 79, 72, 60, 64, 68, 49, 70, 50, 57, 53, 52, 41, 57, 54, 49, 50, 42, 41, 39, 50, 29, 19339, 0, 1106.11, 1409.12, 1.27395, 1.85181, cusparse, 78.6519, 40.1117, 2.65317, cusparse2, 31.233, 101.011, 6.6813, row split, 22.6913, 139.034, 9.19632, row split2, 22.8033, 138.351, 9.15116, row split3, 22.575, 139.75, 9.2437, row split4, 22.7724, 138.539, 9.16358, merge path, 22.7724, 138.539, 9.16358, 
/data/ctcyang/GraphBLAS/dataset/europar/large/human_gene2/human_gene2.mtx, 14340, 14340, 18054049, 317, 145, 88, 85, 60, 53, 62, 49, 42, 44, 40, 40, 34, 32, 27, 29, 26, 21, 27, 35, 22, 28, 24, 24, 36, 23, 30, 25, 22, 13, 19, 15, 12803, 0, 1259, 1375.14, 1.09224, 1.32126, cusparse, 51.7849, 44.6253, 2.93197, cusparse2, 21.8127, 105.944, 6.9607, row split, 16.4637, 140.364, 9.2222, row split2, 16.4829, 140.201, 9.21149, row split3, 16.1369, 143.207, 9.40896, row split4, 16.2096, 142.565, 9.36681, merge path, 40.017, 57.7484, 3.79418, 
/data/ctcyang/GraphBLAS/dataset/europar/large/il2010/il2010.mtx, 451554, 451554, 2164464, 0, 5730, 28344, 60873, 166857, 82322, 43280, 23643, 13969, 8397, 5561, 3674, 2549, 1745, 1183, 879, 630, 488, 337, 284, 194, 137, 120, 92, 51, 55, 34, 32, 16, 15, 11, 7, 45, 0, 4.79337, 2.29736, 0.479278, 2.88606, cusparse, 14.9477, 18.5347, 16.7462, cusparse2, 7.1686, 38.6479, 34.9186, row split, 11.4409, 24.2159, 21.8793, row split2, 12.4287, 22.2912, 20.1402, row split3, 10.8422, 25.5529, 23.0872, row split4, 11.5513, 23.9844, 21.67, merge path, 5.67662, 48.8057, 44.0962, 
/data/ctcyang/GraphBLAS/dataset/europar/large/indochina-2004/indochina-2004.mtx, 7414866, 7414866, 194109311, 1309127, 642944, 348281, 365522, 200640, 233434, 207330, 147904, 151002, 146361, 160060, 151701, 137247, 129337, 107629, 100288, 101094, 106138, 98627, 65181, 88605, 89713, 88376, 83770, 74934, 80646, 67705, 67879, 56840, 54025, 101480, 94453, 1556593, 0, 26.1784, 215.83, 8.24459, 30.8236, cusparse, 382.749, 64.9145, 14.0534, cusparse2, 297.292, 83.5744, 18.0931, row split, 259.983, 95.5678, 20.6896, row split2, 275.657, 90.1337, 19.5132, row split3, 245.974, 101.011, 21.8679, row split4, 260.308, 95.4486, 20.6638, merge path, 260.308, 95.4486, 20.6638, 
/data/ctcyang/GraphBLAS/dataset/europar/large/inline_1/inline_1.mtx, 503712, 503712, 36312631, 0, 0, 0, 0, 0, 0, 0, 0, 0, 0, 0, 0, 0, 0, 0, 0, 0, 6, 0, 0, 0, 0, 0, 0, 0, 0, 306, 0, 0, 7716, 0, 0, 495684, 0, 72.0901, 35.6321, 0.494271, 2.45077, cusparse, 69.7736, 66.6157, 7.8886, cusparse2, 49.0956, 94.6728, 11.2111, row split, 35.2169, 131.983, 15.6293, row split2, 35.6547, 130.362, 15.4374, row split3, 33.7315, 137.795, 16.3176, row split4, 33.9671, 136.839, 16.2044, merge path, 33.9671, 136.839, 16.2044, 
/data/ctcyang/GraphBLAS/dataset/europar/large/ins2/ins2.mtx, 309412, 309412, 2442073, 0, 0, 0, 0, 121549, 182326, 0, 0, 0, 0, 0, 0, 0, 0, 0, 0, 0, 0, 0, 0, 0, 0, 0, 0, 0, 0, 0, 0, 0, 0, 0, 0, 5537, 12, 7.89263, 590.355, 74.7983, 471.551, cusparse, 19.714, 15.856, 9.08965, cusparse2, 24.357, 12.8335, 7.35694, row split, 36.1497, 8.64696, 4.95697, row split2, 36.8456, 8.48366, 4.86336, row split3, 49.5589, 6.30736, 3.61576, row split4, 50.2052, 6.22615, 3.56921, merge path, 6.00048, 52.0934, 29.8631, 
/data/ctcyang/GraphBLAS/dataset/europar/large/kron_g500-logn18/kron_g500-logn18.mtx, 262144, 262144, 21165372, 51989, 27309, 17552, 12770, 10060, 9410, 8090, 6646, 4954, 3460, 2440, 1913, 1902, 2286, 2798, 3287, 3639, 3977, 4093, 3920, 3611, 3038, 2621, 2092, 1682, 1204, 841, 574, 354, 246, 156, 112, 63118, 171, 80.7395, 453.705, 5.61937, 25.5403, cusparse, 446.893, 6.06223, 0.681571, cusparse2, 49.392, 54.8503, 6.16678, row split, 27.7511, 97.6238, 10.9758, row split2, 28.8924, 93.7673, 10.5422, row split3, 31.5642, 85.8303, 9.64982, row split4, 33.1784, 81.6546, 9.18036, merge path, 33.1784, 81.6546, 9.18036, 
/data/ctcyang/GraphBLAS/dataset/europar/large/kron_g500-logn19/kron_g500-logn19.mtx, 524288, 524288, 43561574, 115113, 56956, 36406, 25893, 18706, 14316, 12731, 12715, 12914, 12375, 10540, 8592, 6526, 4391, 2962, 1995, 1407, 1173, 1214, 1619, 2178, 2716, 3372, 3903, 4822, 5231, 5491, 5596, 5512, 5298, 5013, 4462, 112150, 191, 83.0871, 540.892, 6.50994, 33.1076, cusparse, 1204.98, 4.62737, 0.513723, cusparse2, 98.6542, 56.5194, 6.2747, row split, 58.4327, 95.4239, 10.5938, row split2, 62.0438, 89.87, 9.97722, row split3, 69.1538, 80.6301, 8.95142, row split4, 74.2198, 75.1266, 8.34043, merge path, 74.2198, 75.1266, 8.34043, 
/data/ctcyang/GraphBLAS/dataset/europar/large/kron_g500-logn20/kron_g500-logn20.mtx, 1048576, 1048576, 89238804, 253335, 116612, 71533, 52440, 42456, 33136, 24070, 17641, 13831, 13210, 14429, 16301, 17766, 18239, 17483, 15710, 13194, 10425, 7679, 5529, 3769, 2511, 1505, 917, 600, 462, 473, 524, 764, 1101, 1418, 1912, 257601, 1072, 85.1048, 640.966, 7.53149, 42.9564, cusparse, 2864.35, 3.98784, 0.438136, cusparse2, 205.625, 55.5505, 6.10322, row split, 121.045, 94.3667, 10.3679, row split2, 135.3, 84.4241, 9.27551, row split3, 145.344, 78.5901, 8.63455, row split4, 170.219, 67.105, 7.3727, merge path, 170.219, 67.105, 7.3727, 
/data/ctcyang/GraphBLAS/dataset/europar/large/kron_g500-logn21/kron_g500-logn21.mtx, 2097152, 2097152, 182081864, 553065, 238482, 143629, 97760, 74878, 65561, 60374, 52830, 42333, 30905, 20793, 14255, 10887, 10414, 11932, 14758, 17856, 21130, 23641, 25604, 25811, 25169, 23144, 20435, 17277, 14166, 11272, 8333, 6190, 4319, 3016, 1922, 405011, 1562, 86.8234, 755.629, 8.70305, 55.8477, cusparse, 6380.03, 3.65304, 0.397927, cusparse2, 470.535, 49.5318, 5.39552, row split, 271.026, 85.9935, 9.36731, row split2, 351.379, 66.3286, 7.2252, row split3, 339.4, 68.6696, 7.48021, row split4, 426.238, 54.6795, 5.95626, merge path, 426.238, 54.6795, 5.95626, 
/data/ctcyang/GraphBLAS/dataset/europar/large/ldoor/ldoor.mtx, 952203, 952203, 45570273, 0, 0, 0, 0, 0, 0, 0, 0, 0, 0, 0, 0, 0, 0, 0, 0, 0, 0, 0, 0, 0, 0, 0, 0, 0, 0, 0, 903, 0, 0, 930, 1347, 949023, 0, 47.8577, 11.9466, 0.249627, 0.0202696, cusparse, 83.9311, 69.4974, 10.1976, cusparse2, 63.2106, 92.2787, 13.5404, row split, 47.8962, 121.784, 17.8699, row split2, 49.1712, 118.626, 17.4065, row split3, 45.5648, 128.015, 18.7842, row split4, 46.313, 125.947, 18.4808, merge path, 46.313, 125.947, 18.4808, 
/data/ctcyang/GraphBLAS/dataset/europar/large/ljournal-2008/ljournal-2008.mtx, 5363260, 5363260, 79023142, 545626, 952667, 669984, 392133, 286053, 225173, 181030, 152719, 131458, 115477, 102249, 91788, 83505, 75707, 69259, 63631, 58693, 54908, 50600, 47648, 44313, 41158, 38615, 36136, 34473, 32290, 30109, 28886, 27384, 25613, 24165, 23121, 626689, 0, 14.7342, 37.0025, 2.51134, 10.5253, cusparse, 1242.52, 8.14067, 2.73607, cusparse2, 247.44, 40.8785, 13.7392, row split, 168.939, 59.8733, 20.1233, row split2, 185.474, 54.5356, 18.3294, row split3, 156.582, 64.5984, 21.7114, row split4, 170.961, 59.1652, 19.8854, merge path, 170.961, 59.1652, 19.8854, 
/data/ctcyang/GraphBLAS/dataset/europar/large/mario002/mario002.mtx, 389874, 389874, 1867115, 0, 0, 1837, 154927, 0, 0, 233110, 0, 0, 0, 0, 0, 0, 0, 0, 0, 0, 0, 0, 0, 0, 0, 0, 0, 0, 0, 0, 0, 0, 0, 0, 0, 0, 0, 4.78902, 1.47828, 0.308681, -0.407295, cusparse, 13.48, 17.7293, 16.0321, cusparse2, 5.34176, 44.74, 40.457, row split, 9.90571, 24.1266, 21.8169, row split2, 10.9626, 21.8005, 19.7135, row split3, 9.36152, 25.529, 23.0851, row split4, 10.0253, 23.8387, 21.5566, merge path, 4.96474, 48.1376, 43.5294, 
/data/ctcyang/GraphBLAS/dataset/europar/large/mc2depi/mc2depi.mtx, 525825, 525825, 2100225, 0, 0, 3, 3069, 522753, 0, 0, 0, 0, 0, 0, 0, 0, 0, 0, 0, 0, 0, 0, 0, 0, 0, 0, 0, 0, 0, 0, 0, 0, 0, 0, 0, 0, 0, 3.99415, 0.0763228, 0.0191086, -13.0002, cusparse, 6.73418, 39.9201, 42.7859, cusparse2, 6.10586, 44.028, 47.1887, row split, 13.2842, 20.2367, 21.6895, row split2, 14.298, 18.8018, 20.1516, row split3, 12.6207, 21.3006, 22.8297, row split4, 13.3589, 20.1236, 21.5682, merge path, 5.57508, 48.2197, 51.6813, 
/data/ctcyang/GraphBLAS/dataset/europar/large/mouse_gene/mouse_gene.mtx, 45101, 45101, 28922191, 1975, 1351, 1011, 682, 581, 529, 421, 400, 349, 309, 291, 266, 256, 230, 233, 229, 224, 186, 198, 202, 182, 188, 168, 199, 141, 158, 144, 159, 147, 137, 148, 130, 33277, 0, 641.276, 856.669, 1.33588, 1.86658, cusparse, 120.27, 30.7811, 2.11732, cusparse2, 41.384, 89.4559, 6.15334, row split, 27.4329, 134.949, 9.28264, row split2, 27.6105, 134.081, 9.22291, row split3, 28.3282, 130.684, 8.98926, row split4, 29.0213, 127.563, 8.77457, merge path, 29.0213, 127.563, 8.77457, 
/data/ctcyang/GraphBLAS/dataset/europar/large/msdoor/msdoor.mtx, 415863, 415863, 19825073, 0, 0, 0, 0, 0, 0, 0, 0, 0, 0, 0, 0, 0, 0, 0, 0, 0, 0, 0, 0, 0, 0, 0, 0, 0, 0, 0, 1050, 0, 0, 954, 1327, 412532, 0, 47.6721, 11.71, 0.245637, 0.0606853, cusparse, 36.3487, 69.8129, 10.2668, cusparse2, 27.5372, 92.1519, 13.552, row split, 20.8947, 121.447, 17.8603, row split2, 21.4453, 118.329, 17.4018, row split3, 19.8728, 127.692, 18.7787, row split4, 20.182, 125.736, 18.491, merge path, 20.182, 125.736, 18.491, 
/data/ctcyang/GraphBLAS/dataset/europar/large/nasasrb/nasasrb.mtx, 54870, 54870, 2622455, 0, 0, 0, 0, 0, 0, 0, 0, 0, 0, 0, 48, 0, 0, 0, 20, 0, 266, 0, 4, 0, 10, 12, 352, 75, 76, 2152, 1, 13, 695, 1, 39, 51106, 0, 47.794, 8.53112, 0.178498, 2.90357, cusparse, 4.22065, 79.5314, 11.6789, cusparse2, 3.31102, 101.381, 14.8874, row split, 2.71794, 123.503, 18.136, row split2, 2.78137, 120.687, 17.7224, row split3, 2.58212, 130, 19.09, row split4, 2.62718, 127.77, 18.7626, merge path, 5.95661, 56.3533, 8.27527, 
/data/ctcyang/GraphBLAS/dataset/europar/large/nd24k/nd24k.mtx, 72000, 72000, 28643635, 0, 0, 0, 0, 0, 0, 0, 0, 0, 0, 0, 0, 0, 0, 0, 0, 0, 0, 0, 0, 0, 0, 0, 0, 0, 0, 0, 0, 0, 0, 0, 0, 72000, 0, 397.828, 76.9435, 0.193409, -1.17284, cusparse, 38.1054, 96.217, 6.98854, cusparse2, 37.9435, 96.6274, 7.01835, row split, 22.2714, 164.623, 11.9571, row split2, 22.3181, 164.278, 11.9321, row split3, 22.1362, 165.629, 12.0301, row split4, 22.1537, 165.498, 12.0206, merge path, 22.1537, 165.498, 12.0206, 
/data/ctcyang/GraphBLAS/dataset/europar/large/neos3/neos3.mtx, 512209, 518832, 2055024, 0, 0, 0, 288, 511920, 0, 0, 0, 0, 0, 0, 0, 0, 0, 0, 0, 0, 0, 0, 0, 0, 0, 0, 0, 0, 0, 0, 0, 0, 0, 0, 0, 1, 0, 4.01208, 9.04866, 2.25535, 715.678, cusparse, 7.27501, 36.1571, 38.5896, cusparse2, 6.12446, 42.9496, 45.8391, row split, 13.0048, 20.2266, 21.5874, row split2, 14.2522, 18.4563, 19.698, row split3, 12.3114, 21.3658, 22.8033, row split4, 13.1486, 20.0054, 21.3513, merge path, 5.3824, 48.871, 52.1589, 
/data/ctcyang/GraphBLAS/dataset/europar/large/net100/net100.mtx, 29920, 29920, 2003281, 0, 0, 3060, 0, 6120, 0, 0, 0, 0, 0, 0, 0, 0, 0, 0, 0, 0, 0, 0, 0, 1156, 0, 0, 0, 0, 0, 0, 0, 0, 0, 0, 0, 19584, 0, 66.9546, 57.8202, 0.863574, 0.635015, cusparse, 4.08775, 62.7289, 7.69739, cusparse2, 2.45694, 104.366, 12.8066, row split, 2.12308, 120.777, 14.8204, row split2, 2.15974, 118.727, 14.5688, row split3, 2.0649, 124.18, 15.238, row split4, 2.08112, 123.213, 15.1193, merge path, 4.47726, 57.2716, 7.02772, 
/data/ctcyang/GraphBLAS/dataset/europar/large/net125/net125.mtx, 36720, 36720, 2540481, 0, 0, 3910, 0, 7820, 0, 0, 0, 0, 0, 0, 0, 0, 0, 0, 0, 0, 0, 0, 0, 1156, 0, 0, 0, 0, 0, 0, 0, 0, 0, 0, 0, 23834, 0, 69.1852, 66.626, 0.963009, 1.13804, cusparse, 5.5558, 58.5301, 7.06854, cusparse2, 3.15339, 103.121, 12.4537, row split, 2.71373, 119.828, 14.4714, row split2, 2.75682, 117.955, 14.2452, row split3, 2.64038, 123.157, 14.8734, row split4, 2.66188, 122.162, 14.7533, merge path, 5.68601, 57.1898, 6.90667, 
/data/ctcyang/GraphBLAS/dataset/europar/large/net4-1/net4-1.mtx, 88343, 88343, 2353385, 0, 2868, 2974, 12062, 1830, 2796, 3642, 3078, 1812, 99, 448, 0, 7, 3, 0, 0, 0, 3321, 569, 13353, 10044, 2657, 1822, 876, 92, 74, 67, 179, 358, 305, 346, 161, 22500, 0, 26.6392, 85.3028, 3.20216, 50.2176, cusparse, 7.51842, 40.0661, 8.56724, cusparse2, 3.62021, 83.2088, 17.7924, row split, 3.05384, 98.6408, 21.0922, row split2, 3.2382, 93.0249, 19.8913, row split3, 2.91706, 103.266, 22.0812, row split4, 3.02484, 99.5864, 21.2943, merge path, 5.46479, 55.1226, 11.7867, 
/data/ctcyang/GraphBLAS/dataset/europar/large/nlpkkt120/nlpkkt120.mtx, 3542400, 3542400, 93303393, 0, 0, 0, 0, 23, 1, 2832, 0, 8, 83544, 0, 0, 1416, 0, 0, 0, 0, 0, 83544, 0, 8, 0, 0, 0, 1416, 0, 0, 3369608, 0, 0, 0, 0, 0, 0, 26.339, 3.09277, 0.117422, -4.87917, cusparse, 180.967, 65.9944, 14.2252, cusparse2, 124.584, 95.8619, 20.6632, row split, 91.4792, 130.552, 28.1409, row split2, 101.698, 117.435, 25.3133, row split3, 86.3608, 138.29, 29.8087, row split4, 93.1173, 128.256, 27.6458, merge path, 93.1173, 128.256, 27.6458, 
/data/ctcyang/GraphBLAS/dataset/europar/large/nlpkkt80/nlpkkt80.mtx, 1062400, 1062400, 27642273, 0, 0, 0, 0, 23, 1, 1872, 0, 8, 36504, 0, 0, 936, 0, 0, 0, 0, 0, 36504, 0, 8, 0, 0, 0, 936, 0, 0, 985608, 0, 0, 0, 0, 0, 0, 26.0187, 3.73511, 0.143555, -3.89692, cusparse, 50.7856, 69.6696, 15.1487, cusparse2, 37.3863, 94.6394, 20.5781, row split, 27.4346, 128.969, 28.0426, row split2, 30.4822, 116.075, 25.2389, row split3, 25.9117, 136.549, 29.6907, row split4, 27.918, 126.736, 27.557, merge path, 27.918, 126.736, 27.557, 
/data/ctcyang/GraphBLAS/dataset/europar/large/oilpan/oilpan.mtx, 73752, 73752, 3523437, 0, 0, 0, 0, 0, 0, 0, 0, 0, 0, 0, 0, 0, 0, 0, 0, 0, 0, 0, 0, 0, 0, 0, 0, 0, 0, 0, 294, 0, 0, 0, 0, 73458, 0, 47.7741, 13.4906, 0.282383, 0.047239, cusparse, 5.90803, 76.3368, 11.2125, cusparse2, 4.79988, 93.9606, 13.8011, row split, 3.71715, 121.33, 17.8211, row split2, 3.81171, 118.32, 17.379, row split3, 3.54612, 127.181, 18.6805, row split4, 3.60021, 125.27, 18.3999, merge path, 8.00519, 56.3385, 8.27508, 
/data/ctcyang/GraphBLAS/dataset/europar/large/pa2010/pa2010.mtx, 421545, 421545, 2058462, 0, 8730, 28860, 65275, 136467, 73857, 40273, 22902, 14215, 9049, 6206, 4210, 2926, 2128, 1628, 1134, 818, 626, 483, 392, 292, 219, 186, 130, 98, 70, 73, 49, 49, 37, 30, 15, 118, 0, 4.88314, 2.63184, 0.538965, 3.02077, cusparse, 9.89269, 26.6341, 23.6523, cusparse2, 6.85651, 38.4282, 34.1259, row split, 10.6803, 24.6701, 21.9081, row split2, 11.5908, 22.732, 20.1871, row split3, 10.1238, 26.026, 23.1123, row split4, 10.7658, 24.474, 21.734, merge path, 5.37888, 48.9848, 43.5007, 
/data/ctcyang/GraphBLAS/dataset/europar/large/packing-500x100x100-b050/packing-500x100x100-b050.mtx, 2145852, 2145852, 34976486, 13, 219, 935, 1733, 2265, 3855, 5322, 6299, 8577, 24504, 88015, 77231, 59400, 127241, 92383, 69577, 57015, 153019, 1368249, 0, 0, 0, 0, 0, 0, 0, 0, 0, 0, 0, 0, 0, 0, 0, 16.2996, 2.82958, 0.173598, -1.64624, cusparse, 72.6131, 61.6554, 19.1022, cusparse2, 53.3649, 83.8939, 25.9922, row split, 54.915, 81.5258, 25.2585, row split2, 59.8178, 74.8438, 23.1883, row split3, 52.0687, 85.9824, 26.6393, row split4, 55.4035, 80.807, 25.0358, merge path, 55.4035, 80.807, 25.0358, 
/data/ctcyang/GraphBLAS/dataset/europar/large/para-10/para-10.mtx, 155924, 155924, 5416358, 0, 0, 0, 0, 0, 0, 0, 0, 182, 424, 109, 102, 83, 72, 97, 578, 359, 257, 6616, 904, 1423, 18172, 1699, 386, 13440, 1273, 375, 14389, 1272, 245, 10053, 601, 82813, 0, 34.7372, 22.2782, 0.641335, 193.17, cusparse, 16.0361, 43.2332, 7.7193, cusparse2, 8.97202, 77.2728, 13.7971, row split, 6.43112, 107.803, 19.2482, row split2, 6.75379, 102.652, 18.3286, row split3, 6.00921, 115.372, 20.5997, row split4, 6.28078, 110.383, 19.709, merge path, 12.6379, 54.8583, 9.79496, 
/data/ctcyang/GraphBLAS/dataset/europar/large/para-4/para-4.mtx, 153226, 153226, 5326228, 0, 0, 0, 0, 0, 0, 0, 0, 0, 0, 9, 0, 102, 3, 235, 744, 396, 707, 6921, 1648, 180, 18497, 618, 255, 13899, 758, 669, 15218, 442, 103, 10336, 390, 81096, 0, 34.7606, 19.886, 0.572084, 159.375, cusparse, 15.8563, 42.9959, 7.67355, cusparse2, 8.83301, 77.1829, 13.775, row split, 6.31448, 107.967, 19.2691, row split2, 6.5873, 103.496, 18.4711, row split3, 5.90043, 115.544, 20.6213, row split4, 6.10931, 111.593, 19.9162, merge path, 12.4246, 54.8718, 9.79306, 
/data/ctcyang/GraphBLAS/dataset/europar/large/para-5/para-5.mtx, 155924, 155924, 5416358, 0, 0, 0, 0, 0, 0, 0, 0, 182, 424, 109, 102, 83, 72, 97, 578, 359, 257, 6616, 904, 1423, 18172, 1699, 386, 13440, 1273, 375, 14389, 1272, 245, 10053, 601, 82813, 0, 34.7372, 22.2782, 0.641335, 193.17, cusparse, 16.0377, 43.2291, 7.71856, cusparse2, 8.97083, 77.2831, 13.7989, row split, 6.43212, 107.786, 19.2452, row split2, 6.75831, 102.584, 18.3164, row split3, 6.01369, 115.286, 20.5843, row split4, 6.28541, 110.302, 19.6944, merge path, 12.6364, 54.865, 9.79614, 
/data/ctcyang/GraphBLAS/dataset/europar/large/para-6/para-6.mtx, 155924, 155924, 5416358, 0, 0, 0, 0, 0, 0, 0, 0, 182, 424, 109, 102, 83, 72, 97, 578, 359, 257, 6616, 904, 1423, 18172, 1699, 386, 13440, 1273, 375, 14389, 1272, 245, 10053, 601, 82813, 0, 34.7372, 22.2782, 0.641335, 193.17, cusparse, 16.0341, 43.2387, 7.72027, cusparse2, 8.96943, 77.2952, 13.8011, row split, 6.43097, 107.806, 19.2487, row split2, 6.75365, 102.655, 18.329, row split3, 6.00895, 115.377, 20.6005, row split4, 6.28408, 110.325, 19.6986, merge path, 12.6364, 54.8648, 9.79612, 
/data/ctcyang/GraphBLAS/dataset/europar/large/para-7/para-7.mtx, 155924, 155924, 5416358, 0, 0, 0, 0, 0, 0, 0, 0, 182, 424, 109, 102, 83, 72, 97, 578, 359, 257, 6616, 904, 1423, 18172, 1699, 386, 13440, 1273, 375, 14389, 1272, 245, 10053, 601, 82813, 0, 34.7372, 22.2782, 0.641335, 193.17, cusparse, 16.0393, 43.2248, 7.71779, cusparse2, 8.96997, 77.2906, 13.8002, row split, 6.43468, 107.743, 19.2376, row split2, 6.75846, 102.582, 18.316, row split3, 6.01388, 115.282, 20.5837, row split4, 6.28666, 110.28, 19.6905, merge path, 12.6363, 54.8654, 9.79622, 
/data/ctcyang/GraphBLAS/dataset/europar/large/para-8/para-8.mtx, 155924, 155924, 5416358, 0, 0, 0, 0, 0, 0, 0, 0, 182, 424, 109, 102, 83, 72, 97, 578, 359, 257, 6616, 904, 1423, 18172, 1699, 386, 13440, 1273, 375, 14389, 1272, 245, 10053, 601, 82813, 0, 34.7372, 22.2782, 0.641335, 193.17, cusparse, 16.0376, 43.2293, 7.7186, cusparse2, 8.97014, 77.2891, 13.8, row split, 6.43338, 107.765, 19.2415, row split2, 6.75818, 102.586, 18.3167, row split3, 6.01092, 115.339, 20.5938, row split4, 6.28577, 110.296, 19.6933, merge path, 12.6346, 54.8727, 9.79752, 
/data/ctcyang/GraphBLAS/dataset/europar/large/para-9/para-9.mtx, 155924, 155924, 5416358, 0, 0, 0, 0, 0, 0, 0, 0, 182, 424, 109, 102, 83, 72, 97, 578, 359, 257, 6616, 904, 1423, 18172, 1699, 386, 13440, 1273, 375, 14389, 1272, 245, 10053, 601, 82813, 0, 34.7372, 22.2782, 0.641335, 193.17, cusparse, 16.0403, 43.2221, 7.71731, cusparse2, 8.97238, 77.2697, 13.7965, row split, 6.43587, 107.723, 19.234, row split2, 6.75905, 102.573, 18.3143, row split3, 6.01323, 115.295, 20.5859, row split4, 6.2834, 110.337, 19.7008, merge path, 12.6353, 54.8694, 9.79694, 
/data/ctcyang/GraphBLAS/dataset/europar/large/pct20stif/pct20stif.mtx, 52329, 52329, 2646135, 0, 2, 5, 4, 2, 10, 4, 52, 16, 4, 20, 411, 10, 39, 107, 90, 56, 905, 35, 127, 165, 83, 184, 1269, 46, 132, 394, 119, 204, 1200, 104, 202, 46328, 0, 50.5673, 16.9786, 0.335763, 0.530362, cusparse, 4.41615, 76.697, 10.9079, cusparse2, 3.54666, 95.4999, 13.582, row split, 2.76714, 122.403, 17.4082, row split2, 2.82575, 119.864, 17.0471, row split3, 2.63527, 128.528, 18.2793, row split4, 2.66672, 127.012, 18.0637, merge path, 6.0082, 56.3738, 8.01751, 
/data/ctcyang/GraphBLAS/dataset/europar/large/pkustk05/pkustk05.mtx, 37164, 37164, 2167981, 0, 0, 0, 0, 0, 0, 0, 0, 0, 0, 0, 0, 0, 0, 0, 0, 0, 0, 0, 0, 0, 0, 0, 204, 0, 0, 0, 0, 0, 12, 0, 0, 36948, 0, 58.3355, 24.6235, 0.422101, 0.306109, cusparse, 3.45588, 80.2983, 10.5676, cusparse2, 2.75448, 100.745, 13.2586, row split, 2.32049, 119.588, 15.7383, row split2, 2.35021, 118.075, 15.5392, row split3, 2.24, 123.885, 16.3038, row split4, 2.2798, 121.722, 16.0191, merge path, 4.89544, 56.6858, 7.46011, 
/data/ctcyang/GraphBLAS/dataset/europar/large/pkustk06/pkustk06.mtx, 43164, 43164, 2528605, 0, 0, 0, 0, 0, 0, 0, 0, 0, 0, 0, 0, 0, 0, 0, 0, 0, 0, 0, 0, 0, 0, 0, 252, 0, 0, 0, 0, 0, 12, 0, 0, 42900, 0, 58.5813, 24.8688, 0.424518, 0.304734, cusparse, 4.02543, 80.4042, 10.5582, cusparse2, 3.21404, 100.702, 13.2237, row split, 2.69905, 119.917, 15.7468, row split2, 2.73539, 118.324, 15.5376, row split3, 2.60533, 124.23, 16.3132, row split4, 2.64281, 122.469, 16.0819, merge path, 5.71162, 56.6672, 7.44123, 
/data/ctcyang/GraphBLAS/dataset/europar/large/pkustk07/pkustk07.mtx, 16860, 16860, 2401945, 0, 0, 0, 0, 0, 0, 0, 0, 0, 0, 0, 0, 0, 0, 0, 0, 0, 0, 0, 0, 0, 0, 0, 0, 0, 0, 0, 0, 0, 0, 0, 0, 16860, 0, 142.464, 61.1331, 0.429112, 0.416107, cusparse, 3.51874, 87.3748, 7.93333, cusparse2, 3.22516, 95.3284, 8.6555, row split, 2.16047, 142.306, 12.9209, row split2, 2.18094, 140.971, 12.7997, row split3, 2.10853, 145.812, 13.2392, row split4, 2.11485, 145.376, 13.1997, merge path, 5.25181, 58.5415, 5.31537, 
/data/ctcyang/GraphBLAS/dataset/europar/large/poisson3Db/poisson3Db.mtx, 85623, 85623, 2374949, 0, 0, 0, 0, 0, 0, 4, 12, 43, 24, 218, 211, 165, 1098, 1202, 729, 278, 662, 1260, 17560, 658, 132, 677, 27335, 701, 31, 344, 17149, 266, 10, 139, 3680, 11035, 0, 27.7373, 14.7121, 0.530407, 2.59102, cusparse, 19.6901, 15.4389, 3.20878, cusparse2, 4.19284, 72.5029, 15.0688, row split, 2.85844, 106.349, 22.1033, row split2, 3.24205, 93.7658, 19.488, row split3, 2.71195, 112.094, 23.2973, row split4, 3.07718, 98.7896, 20.5321, merge path, 5.70511, 53.2844, 11.0745, 
/data/ctcyang/GraphBLAS/dataset/europar/large/rajat31/rajat31.mtx, 4690002, 4690002, 20316253, 0, 1251, 0, 1563750, 2500, 3122500, 0, 0, 0, 0, 0, 0, 0, 0, 0, 0, 0, 0, 0, 0, 0, 0, 0, 0, 0, 0, 0, 0, 0, 0, 0, 0, 1, 0, 4.33182, 1.10616, 0.255356, 305.523, cusparse, 70.6311, 36.8178, 36.5642, cusparse2, 59.6767, 43.5762, 43.2761, row split, 118.362, 21.9705, 21.8192, row split2, 126.996, 20.4769, 20.3359, row split3, 112.38, 23.14, 22.9806, row split4, 118.877, 21.8754, 21.7248, merge path, 118.877, 21.8754, 21.7248, 
/data/ctcyang/GraphBLAS/dataset/europar/large/ramage02/ramage02.mtx, 16830, 16830, 2849523, 0, 0, 0, 0, 0, 0, 0, 0, 0, 0, 0, 0, 0, 0, 0, 0, 0, 0, 0, 0, 0, 0, 0, 0, 0, 0, 0, 0, 0, 0, 0, 0, 16830, 0, 169.312, 52.857, 0.312187, 0.53576, cusparse, 4.471, 81.5789, 7.04104, cusparse2, 3.93187, 92.7647, 8.00648, row split, 2.5427, 143.445, 12.3807, row split2, 2.56076, 142.434, 12.2934, row split3, 2.4548, 148.582, 12.824, row split4, 2.46498, 147.969, 12.7711, merge path, 6.21302, 58.7055, 5.06685, 
/data/ctcyang/GraphBLAS/dataset/europar/large/rel9/rel9.mtx, 9888048, 274669, 23667183, 3966262, 0, 72, 19817, 5901897, 0, 0, 0, 0, 0, 0, 0, 0, 0, 0, 0, 0, 0, 0, 0, 0, 0, 0, 0, 0, 0, 0, 0, 0, 0, 0, 0, 0, 0, 2.39351, 1.95936, 0.818614, -0.402159, cusparse, 205.299, 14.756, 25.7749, cusparse2, 90.6787, 33.408, 58.3551, row split, 165.522, 18.3021, 31.969, row split2, 196.026, 15.454, 26.9942, row split3, 151.529, 19.9923, 34.9213, row split4, 187.49, 16.1576, 28.2232, merge path, 187.49, 16.1576, 28.2232, 
/data/ctcyang/GraphBLAS/dataset/europar/large/rgg_n_2_21_s0/rgg_n_2_21_s0.mtx, 2097152, 2097152, 28975990, 4, 46, 246, 1025, 3444, 9182, 20511, 40331, 69360, 105930, 146182, 183308, 211439, 224084, 221094, 203943, 176764, 143226, 110659, 79800, 55143, 36902, 23178, 13858, 8192, 4447, 2499, 1231, 586, 287, 136, 65, 50, 0, 13.8168, 3.73264, 0.270152, 0.268118, cusparse, 147.168, 25.202, 8.92817, cusparse2, 52.2503, 70.9839, 25.147, row split, 53.3207, 69.5589, 24.6422, row split2, 58.1455, 63.787, 22.5974, row split3, 50.5061, 73.4352, 26.0154, row split4, 53.8288, 68.9023, 24.4096, merge path, 53.8288, 68.9023, 24.4096, 
/data/ctcyang/GraphBLAS/dataset/europar/large/rgg_n_2_22_s0/rgg_n_2_22_s0.mtx, 4194304, 4194304, 60718396, 3, 54, 262, 1207, 4168, 11759, 27935, 57772, 104141, 166946, 240816, 317554, 382368, 426240, 439074, 425443, 384402, 327641, 263945, 201184, 145996, 100840, 66304, 41732, 25142, 14697, 7894, 4368, 2208, 1196, 554, 272, 187, 0, 14.4764, 3.81233, 0.263348, 0.259456, cusparse, 316.137, 24.5841, 8.38246, cusparse2, 107.463, 72.3224, 24.6598, row split, 106.729, 72.8195, 24.8293, row split2, 116.187, 66.8916, 22.8081, row split3, 101.081, 76.8886, 26.2167, row split4, 107.525, 72.2803, 24.6455, merge path, 107.525, 72.2803, 24.6455, 
/data/ctcyang/GraphBLAS/dataset/europar/large/rgg_n_2_23_s0/rgg_n_2_23_s0.mtx, 8388608, 8388608, 127002786, 1, 50, 313, 1417, 5232, 15129, 37539, 80999, 152992, 258067, 388157, 534922, 673503, 786710, 850357, 858300, 812873, 724443, 608319, 484636, 367593, 264952, 182446, 119672, 75901, 45883, 26822, 14783, 8026, 4342, 2178, 1073, 978, 0, 15.1399, 3.89471, 0.257248, 0.25535, cusparse, 672.011, 24.1906, 7.95306, cusparse2, 221.15, 73.5083, 24.1671, row split, 213.701, 76.0705, 25.0094, row split2, 232.662, 69.8713, 22.9713, row split3, 202.372, 80.3291, 26.4095, row split4, 214.943, 75.6312, 24.865, merge path, 214.943, 75.6312, 24.865, 
/data/ctcyang/GraphBLAS/dataset/europar/large/rma10/rma10.mtx, 46835, 46835, 2374001, 0, 0, 0, 0, 18, 189, 0, 17, 340, 46, 6, 59, 190, 6, 54, 66, 104, 1029, 42, 414, 54, 302, 2340, 44, 592, 98, 270, 5324, 38, 1306, 46, 83, 33758, 0, 50.6886, 27.7806, 0.548064, 0.91766, cusparse, 4.18684, 72.5779, 10.3082, cusparse2, 3.4033, 89.2875, 12.6815, row split, 2.40251, 126.481, 17.9641, row split2, 2.48007, 122.526, 17.4023, row split3, 2.27256, 133.714, 18.9913, row split4, 2.31752, 131.12, 18.6229, merge path, 5.38327, 56.4475, 8.01722, 
/data/ctcyang/GraphBLAS/dataset/europar/large/sme3Db/sme3Db.mtx, 29067, 29067, 2081063, 0, 0, 0, 0, 0, 0, 0, 0, 0, 0, 0, 0, 0, 0, 0, 0, 0, 0, 0, 0, 0, 0, 0, 0, 33, 0, 0, 30, 1, 36, 605, 0, 28362, 0, 71.5954, 37.0664, 0.517721, 2.91847, cusparse, 9.16357, 29.069, 3.45357, cusparse2, 3.39303, 78.5068, 9.32708, row split, 2.10436, 126.583, 15.0388, row split2, 2.1699, 122.759, 14.5846, row split3, 1.99528, 133.503, 15.861, row split4, 2.09262, 127.293, 15.1232, merge path, 4.79144, 55.5942, 6.60492, 
/data/ctcyang/GraphBLAS/dataset/europar/large/soc-LiveJournal1/soc-LiveJournal1.mtx, 4847571, 4847571, 68993773, 539119, 916135, 492924, 327757, 249360, 201622, 164040, 139451, 120790, 106832, 94866, 86230, 78129, 71159, 65385, 59911, 55424, 52163, 48306, 45144, 42273, 39064, 36685, 34297, 32560, 30686, 28715, 27350, 26145, 24406, 23073, 22075, 565495, 3, 14.2326, 36.0803, 2.53504, 76.0003, cusparse, 1856.97, 4.75572, 1.64424, cusparse2, 230.397, 38.3304, 13.2523, row split, 152.737, 57.8195, 19.9905, row split2, 185.407, 47.6315, 16.4681, row split3, 144.253, 61.2202, 21.1662, row split4, 181.196, 48.7383, 16.8508, merge path, 181.196, 48.7383, 16.8508, 
/data/ctcyang/GraphBLAS/dataset/europar/large/spal_004/spal_004.mtx, 10203, 321696, 46168124, 0, 0, 0, 0, 0, 0, 0, 0, 0, 0, 0, 0, 0, 8, 32, 48, 16, 8, 32, 40, 40, 16, 8, 0, 0, 0, 0, 0, 0, 0, 0, 0, 9955, 0, 4524.96, 1491.96, 0.329717, -1.26441, cusparse, 223.814, 26.4037, 1.67375, cusparse2, 83.2571, 70.9792, 4.49943, row split, 80.6848, 73.242, 4.64288, row split2, 80.7935, 73.1435, 4.63663, row split3, 80.3282, 73.5672, 4.66349, row split4, 80.4405, 73.4645, 4.65698, merge path, 80.4405, 73.4645, 4.65698, 
/data/ctcyang/GraphBLAS/dataset/europar/large/srb1/srb1.mtx, 54924, 54924, 2907229, 0, 0, 0, 0, 0, 0, 0, 0, 0, 0, 0, 0, 0, 0, 0, 0, 0, 0, 0, 0, 0, 0, 0, 0, 0, 0, 0, 0, 0, 0, 0, 0, 54924, 0, 52.9319, 4.90219, 0.0926132, 18.5909, cusparse, 4.56216, 81.5678, 11.3101, cusparse2, 3.57799, 104.004, 14.4211, row split, 2.82863, 131.557, 18.2415, row split2, 2.89569, 128.51, 17.8191, row split3, 2.70845, 137.394, 19.051, row split4, 2.74914, 135.361, 18.769, merge path, 6.58502, 56.5108, 7.83575, 
/data/ctcyang/GraphBLAS/dataset/europar/large/stat96v2/stat96v2.mtx, 29089, 957432, 2852184, 0, 0, 0, 0, 0, 0, 0, 0, 0, 0, 0, 0, 0, 0, 0, 0, 0, 0, 0, 0, 0, 0, 0, 0, 0, 0, 0, 0, 0, 0, 0, 0, 29089, 0, 98.0503, 18.4142, 0.187803, 169.47, cusparse, 6.11295, 59.7224, 6.18808, cusparse2, 3.96789, 92.0085, 9.53338, row split, 3.13233, 116.552, 12.0764, row split2, 3.15693, 115.644, 11.9823, row split3, 3.21157, 113.676, 11.7785, row split4, 3.22958, 113.042, 11.7128, merge path, 6.45339, 56.5717, 5.86163, 
/data/ctcyang/GraphBLAS/dataset/europar/large/thermomech_dK/thermomech_dK.mtx, 204316, 204316, 2846228, 0, 0, 0, 0, 0, 0, 0, 2, 256, 0, 6650, 0, 32288, 0, 127968, 2, 35068, 0, 2050, 0, 32, 0, 0, 0, 0, 0, 0, 0, 0, 0, 0, 0, 0, 0, 13.9305, 1.43051, 0.102689, -0.39125, cusparse, 13.8258, 26.3505, 9.27229, cusparse2, 5.06562, 71.9196, 25.3072, row split, 5.23278, 69.6221, 24.4988, row split2, 5.89016, 61.8518, 21.7646, row split3, 4.92373, 73.9921, 26.0365, row split4, 5.31104, 68.5962, 24.1378, merge path, 7.06172, 51.5904, 18.1538, 
/data/ctcyang/GraphBLAS/dataset/europar/large/tsyl201/tsyl201.mtx, 20685, 20685, 2434273, 0, 0, 0, 0, 0, 0, 0, 0, 0, 0, 0, 0, 0, 0, 0, 0, 0, 0, 0, 0, 0, 0, 0, 0, 0, 0, 0, 0, 0, 0, 0, 0, 20685, 0, 117.683, 28.5546, 0.24264, 0.3643, cusparse, 3.53381, 88.1731, 8.5312, cusparse2, 3.14003, 99.2307, 9.60108, row split, 2.01659, 154.512, 14.9498, row split2, 2.03799, 152.889, 14.7928, row split3, 1.94653, 160.073, 15.4879, row split4, 1.95904, 159.051, 15.389, merge path, 5.35332, 58.2045, 5.63158, 
/data/ctcyang/GraphBLAS/dataset/europar/large/vanbody/vanbody.mtx, 47072, 47072, 2289827, 0, 0, 0, 0, 0, 2, 1, 45, 19, 28, 35, 286, 43, 91, 140, 66, 201, 647, 78, 118, 162, 177, 565, 246, 44, 163, 628, 128, 277, 610, 154, 175, 41943, 0, 48.6452, 17.6446, 0.36272, 1.44434, cusparse, 3.7858, 77.4204, 11.2546, cusparse2, 3.00097, 97.6676, 14.198, row split, 2.4196, 121.135, 17.6094, row split2, 2.47661, 118.346, 17.204, row split3, 2.30817, 126.983, 18.4595, row split4, 2.33647, 125.445, 18.2359, merge path, 5.19913, 56.3744, 8.19517, 
/data/ctcyang/GraphBLAS/dataset/europar/large/vsp_msc10848_300sep_100in_1Kout/vsp_msc10848_300sep_100in_1Kout.mtx, 21996, 21996, 2442056, 0, 1, 9, 12, 19, 35, 35, 55, 31, 44, 26, 12, 11, 9, 1, 0, 0, 0, 0, 0, 0, 0, 0, 0, 0, 0, 0, 0, 0, 0, 0, 0, 21696, 0, 111.023, 49.2975, 0.44403, 2.46835, cusparse, 12.4822, 25.0423, 2.47443, cusparse2, 4.7185, 66.2463, 6.5458, row split, 2.34105, 133.523, 13.1934, row split2, 2.465, 126.809, 12.53, row split3, 2.29782, 136.034, 13.4416, row split4, 2.52403, 123.843, 12.237, merge path, 5.52572, 56.5688, 5.58957, 
/data/ctcyang/GraphBLAS/dataset/europar/large/water_tank/water_tank.mtx, 60740, 60740, 2035281, 0, 0, 0, 0, 0, 0, 0, 0, 8, 0, 0, 0, 320, 0, 0, 0, 11, 35, 4404, 7, 32, 474, 2, 16, 216, 49, 944, 34623, 6, 35, 465, 8, 19085, 0, 33.5081, 12.5996, 0.376015, 1.0326, cusparse, 3.83868, 67.8659, 12.4064, cusparse2, 2.8331, 91.9543, 16.8099, row split, 2.10868, 123.544, 22.5848, row split2, 2.65959, 97.9534, 17.9065, row split3, 1.98274, 131.392, 24.0193, row split4, 2.08926, 124.693, 22.7947, merge path, 4.71105, 55.2989, 10.109, 
/data/ctcyang/GraphBLAS/dataset/europar/large/wave/wave.mtx, 156317, 156317, 2118662, 0, 0, 0, 6, 56, 105, 275, 1388, 3027, 5856, 5071, 47379, 7116, 3821, 38726, 3789, 2911, 19943, 1589, 1288, 12247, 760, 206, 272, 98, 92, 66, 43, 46, 42, 22, 16, 61, 0, 13.5536, 3.32009, 0.24496, 0.696081, cusparse, 5.12268, 52.9389, 19.0543, cusparse2, 3.6939, 73.4152, 26.4243, row split, 3.99402, 67.8988, 24.4388, row split2, 4.58364, 59.1645, 21.295, row split3, 3.78183, 71.7083, 25.8099, row split4, 4.14841, 65.3717, 23.5292, merge path, 5.16398, 52.5155, 18.9019, 
/data/ctcyang/GraphBLAS/dataset/europar/large/wb-edu/wb-edu.mtx, 9845725, 9845725, 57156537, 2925419, 1313509, 790741, 657536, 674228, 456285, 482120, 359954, 260991, 225681, 190667, 171860, 153684, 135396, 116138, 102605, 89703, 77944, 65323, 58465, 47854, 41370, 38148, 32895, 29628, 31471, 25747, 22371, 18732, 18232, 16741, 15693, 198594, 0, 5.80521, 20.2919, 3.49546, 63.5638, cusparse, 255.368, 28.649, 21.685, cusparse2, 185.705, 39.3961, 29.8197, row split, 204.766, 35.7288, 27.0438, row split2, 229.346, 31.8996, 24.1454, row split3, 186.69, 39.1881, 29.6623, row split4, 211.569, 34.58, 26.1742, merge path, 211.569, 34.58, 26.1742, 
/data/ctcyang/GraphBLAS/dataset/europar/large/web-Stanford/web-Stanford.mtx, 281903, 281903, 2312497, 172, 28634, 42916, 31033, 26075, 37693, 21949, 10721, 9188, 4754, 16108, 3556, 2833, 2432, 2537, 2312, 4330, 2528, 3041, 3134, 3111, 856, 911, 800, 805, 727, 797, 758, 1002, 876, 787, 921, 13606, 0, 8.20317, 11.3114, 1.37891, 5.37693, cusparse, 48.6104, 6.08922, 3.37298, cusparse2, 9.54847, 30.9997, 17.1715, row split, 7.79741, 37.9613, 21.0277, row split2, 8.50016, 34.8228, 19.2893, row split3, 7.2771, 40.6755, 22.5312, row split4, 7.79496, 37.9732, 21.0343, merge path, 5.92073, 49.9938, 27.6929, 
/data/ctcyang/GraphBLAS/dataset/europar/large/wheel_601/wheel_601.mtx, 902103, 723605, 2170814, 0, 358798, 180300, 360599, 1804, 0, 0, 0, 0, 0, 0, 0, 0, 0, 0, 0, 0, 0, 0, 0, 0, 0, 0, 0, 0, 0, 0, 0, 0, 0, 0, 0, 602, 0, 2.40639, 15.5202, 6.44958, 38.4778, cusparse, 17.3385, 16.0259, 27.8486, cusparse2, 10.6504, 26.0897, 45.3367, row split, 23.6181, 11.7649, 20.4441, row split2, 25.5036, 10.8951, 18.9327, row split3, 22.4377, 12.3838, 21.5196, row split4, 23.7296, 11.7096, 20.3481, merge path, 6.02642, 46.1076, 80.1224, 
/data/ctcyang/GraphBLAS/dataset/europar/large/wikipedia-20051105/wikipedia-20051105.mtx, 1634989, 1634989, 19753078, 72556, 715263, 50298, 43117, 41367, 39734, 37412, 37680, 33649, 32692, 30110, 28269, 26091, 25052, 23443, 21803, 20129, 18786, 17529, 16385, 29179, 19845, 16388, 13563, 12482, 11289, 10790, 9938, 9236, 8400, 7989, 7470, 147055, 0, 12.0815, 31.075, 2.57212, 19.9154, cusparse, 527.341, 4.7946, 1.89949, cusparse2, 83.7262, 30.1984, 11.9637, row split, 50.8534, 49.7193, 19.6974, row split2, 55.8243, 45.292, 17.9434, row split3, 47.301, 53.4533, 21.1767, row split4, 51.5437, 49.0534, 19.4336, merge path, 51.5437, 49.0534, 19.4336, 
/data/ctcyang/GraphBLAS/dataset/europar/large/wikipedia-20060925/wikipedia-20060925.mtx, 2983494, 2983494, 37269096, 88970, 1365986, 96694, 76480, 71476, 68771, 65275, 64327, 60230, 55710, 53381, 50155, 47310, 44766, 43919, 41134, 38768, 37213, 35444, 33389, 31726, 29412, 27425, 24418, 22437, 20676, 19104, 18028, 16747, 15729, 14778, 13744, 289872, 0, 12.4918, 32.8748, 2.63172, 21.8404, cusparse, 1123.68, 4.24539, 1.63538, cusparse2, 163.784, 29.1264, 11.2199, row split, 96.0024, 49.6909, 19.1416, row split2, 108.148, 44.1102, 16.9918, row split3, 89.7992, 53.1235, 20.4638, row split4, 101.445, 47.0247, 18.1145, merge path, 101.445, 47.0247, 18.1145, 
/data/ctcyang/GraphBLAS/dataset/europar/large/wikipedia-20061104/wikipedia-20061104.mtx, 3148440, 3148440, 39383235, 91462, 1453142, 101770, 79378, 73544, 70538, 68805, 66607, 62515, 57998, 55649, 52642, 50199, 47297, 46306, 43199, 40905, 39123, 37024, 34703, 33225, 31019, 28842, 25602, 23652, 21898, 20110, 19091, 17605, 16589, 15842, 14548, 307611, 0, 12.5088, 33.1573, 2.65072, 23.6422, cusparse, 1199.03, 4.20428, 1.61769, cusparse2, 171.673, 29.3643, 11.2986, row split, 101.403, 49.713, 19.1282, row split2, 115.14, 43.7819, 16.8461, row split3, 94.7339, 53.2128, 20.4748, row split4, 108.902, 46.2898, 17.8111, merge path, 108.902, 46.2898, 17.8111, 
/data/ctcyang/GraphBLAS/dataset/europar/large/wikipedia-20070206/wikipedia-20070206.mtx, 3566907, 3566907, 45030389, 101303, 1667366, 114971, 86171, 79163, 76601, 73177, 72769, 68260, 64684, 61981, 58879, 56796, 53252, 51705, 48456, 46231, 43926, 41643, 39266, 37105, 34665, 32313, 29401, 26901, 24816, 23373, 21715, 20321, 19155, 17975, 16701, 355866, 0, 12.6245, 32.9754, 2.61202, 20.6651, cusparse, 1394.44, 4.13349, 1.57825, cusparse2, 199.928, 28.8298, 11.0078, row split, 115.274, 50.0015, 19.0916, row split2, 130.981, 44.0056, 16.8022, row split3, 107.489, 53.623, 20.4743, row split4, 122.784, 46.9434, 17.9239, merge path, 122.784, 46.9434, 17.9239, 
