--ncols=20000, 100000, 20000, 2000000000, cublas, 179.828, 1423.58, 44.487, 
--ncols=100000, 20000, 100000, 2000000000, cublas, 145.061, 1764.77, 55.1491, 
filename, num_rows, num_cols, num_nonzeros, row_length_mean, row_length_std_dev, row_length_variation, row_length_skewness, small, big, method1, avg_ms, gflops, gbps, method2, avg_ms, gflops, gbps
/data/ctcyang/GraphBLAS/dataset/europar/matrix/1000/1000.mtx, 100000, 100000, 100000000, 1, 0, 0, 0, 0, 0, 0, 0, 0, 0, 0, 0, 0, 0, 0, 0, 0, 0, 0, 0, 0, 0, 0, 0, 0, 0, 0, 0, 0, 0, 0, 0, 99999, 0, 1000, 22.3334, 0.0223334, -0.85712, cusparse, 493.227, 25.9515, 1.72659, cusparse2, 129.89, 98.5446, 6.5563, row split, 77.1735, 165.86, 11.0349, row split2, 77.6515, 164.839, 10.967, row split3, 76.6228, 167.052, 11.1142, row split4, 77.0674, 166.088, 11.0501, merge path, 77.0674, 166.088, 11.0501,
/data/ctcyang/GraphBLAS/dataset/europar/matrix/2000/2000.mtx, 100000, 100000, 200000000, 1, 0, 0, 0, 0, 0, 0, 0, 0, 0, 0, 0, 0, 0, 0, 0, 0, 0, 0, 0, 0, 0, 0, 0, 0, 0, 0, 0, 0, 0, 0, 0, 99999, 0, 2000, 31.4842, 0.0157421, -2.53517, cusparse, 917.166, 27.9121, 1.80077, cusparse2, 253.447, 101.007, 6.51654, row split, 150.94, 169.604, 10.9421, row split2, 151.13, 169.391, 10.9283, row split3, 149.574, 171.153, 11.042, row split4, 149.695, 171.015, 11.0331, merge path, 149.695, 171.015, 11.0331,
/data/ctcyang/GraphBLAS/dataset/europar/matrix/3000/3000.mtx, 100000, 100000, 300000000, 1, 0, 0, 0, 0, 0, 0, 0, 0, 0, 0, 0, 0, 0, 0, 0, 0, 0, 0, 0, 0, 0, 0, 0, 0, 0, 0, 0, 0, 0, 0, 0, 99999, 0, 3000, 38.2293, 0.0127431, -4.81147, cusparse, 1290.25, 29.7618, 1.9001, cusparse2, 373.312, 102.863, 6.56715, row split, 227.563, 168.745, 10.7733, row split2, 228.702, 167.904, 10.7196, row split3, 226.064, 169.863, 10.8447, row split4, 227.074, 169.108, 10.7965, merge path, 227.074, 169.108, 10.7965,
/data/ctcyang/GraphBLAS/dataset/europar/matrix/4000/4000.mtx, 100000, 100000, 400000000, 1, 0, 0, 0, 0, 0, 0, 0, 0, 0, 0, 0, 0, 0, 0, 0, 0, 0, 0, 0, 0, 0, 0, 0, 0, 0, 0, 0, 0, 0, 0, 0, 99999, 0, 4000, 44.9898, 0.0112475, -7.00369, cusparse, 1630.31, 31.4051, 1.99447, cusparse2, 484.414, 105.695, 6.71243, row split, 301.9, 169.593, 10.7705, row split2, 303.174, 168.88, 10.7252, row split3, 298.497, 171.526, 10.8933, row split4, 299.211, 171.117, 10.8673, merge path, 299.211, 171.117, 10.8673,
/data/ctcyang/GraphBLAS/dataset/europar/matrix/5000/5000.mtx, 100000, 100000, 500000000, 1, 0, 0, 0, 0, 0, 0, 0, 0, 0, 0, 0, 0, 0, 0, 0, 0, 0, 0, 0, 0, 0, 0, 0, 0, 0, 0, 0, 0, 0, 0, 0, 99999, 0, 5000, 51.1414, 0.0102283, -9.326, cusparse, 1942.31, 32.9504, 2.08597, cusparse2, 585.395, 109.328, 6.92114, row split, 386.616, 165.539, 10.4796, row split2, 390.951, 163.703, 10.3634, row split3, 380.966, 167.994, 10.6351, row split4, 384.763, 166.336, 10.5301, merge path, 384.763, 166.336, 10.5301,
/data/ctcyang/GraphBLAS/dataset/europar/matrix/6000/6000.mtx, 100000, 100000, 600000000, 1, 0, 0, 0, 0, 0, 0, 0, 0, 0, 0, 0, 0, 0, 0, 0, 0, 0, 0, 0, 0, 0, 0, 0, 0, 0, 0, 0, 0, 0, 0, 0, 99999, 0, 6000, 55.6233, 0.00927055, -12.5405, cusparse, 2189.24, 35.0806, 2.21611, cusparse2, 697.604, 110.091, 6.95466, row split, 462.144, 166.182, 10.498, row split2, 467.071, 164.429, 10.3873, row split3, 454.766, 168.878, 10.6683, row split4, 457.865, 167.735, 10.5961, merge path, 457.865, 167.735, 10.5961,
/data/ctcyang/GraphBLAS/dataset/europar/matrix/7000/7000.mtx, 100000, 100000, 700000000, 1, 0, 0, 0, 0, 0, 0, 0, 0, 0, 0, 0, 0, 0, 0, 0, 0, 0, 0, 0, 0, 0, 0, 0, 0, 0, 0, 0, 0, 0, 0, 0, 99999, 0, 7000, 59.8739, 0.00855341, -15.9685, cusparse, 2413.99, 37.1169, 2.34118, cusparse2, 830.778, 107.851, 6.80278, row split, 545.691, 164.196, 10.3568, row split2, 551.788, 162.381, 10.2423, row split3, 536.676, 166.954, 10.5307, row split4, 540.13, 165.886, 10.4634, merge path, 540.13, 165.886, 10.4634,
/data/ctcyang/GraphBLAS/dataset/europar/matrix/8000/8000.mtx, 100000, 100000, 800000000, 1, 0, 0, 0, 0, 0, 0, 0, 0, 0, 0, 0, 0, 0, 0, 0, 0, 0, 0, 0, 0, 0, 0, 0, 0, 0, 0, 0, 0, 0, 0, 0, 99999, 0, 8000, 64.9521, 0.00811902, -18.6697, cusparse, 2641.36, 38.7678, 2.44253, cusparse2, 1003.07, 102.087, 6.43186, row split, 637.831, 160.544, 10.1149, row split2, 644.815, 158.805, 10.0054, row split3, 618.303, 165.615, 10.4344, row split4, 623.566, 164.217, 10.3463, merge path, 623.566, 164.217, 10.3463,
/data/ctcyang/GraphBLAS/dataset/europar/matrix/9000/9000.mtx, 100000, 100000, 900000000, 1, 0, 0, 0, 0, 0, 0, 0, 0, 0, 0, 0, 0, 0, 0, 0, 0, 0, 0, 0, 0, 0, 0, 0, 0, 0, 0, 0, 0, 0, 0, 0, 99999, 0, 9000, 68.5305, 0.00761451, -22.635, cusparse, 2834.84, 40.6372, 2.55803, cusparse2, 1134.63, 101.531, 6.39114, row split, 719.706, 160.065, 10.0758, row split2, 741.787, 155.301, 9.77586, row split3, 698.911, 164.828, 10.3756, row split4, 716.73, 160.73, 10.1176, merge path, 716.73, 160.73, 10.1176,
/data/ctcyang/GraphBLAS/dataset/europar/matrix/10000/10000.mtx, 100000, 100000, 1000000000, 1, 0, 0, 0, 0, 0, 0, 0, 0, 0, 0, 0, 0, 0, 0, 0, 0, 0, 0, 0, 0, 0, 0, 0, 0, 0, 0, 0, 0, 0, 0, 0, 99999, 50248, 10000, 72.4815, 0.00724815, -26.2535, cusparse, 3000.14, 42.6647, 2.68375, cusparse2, 1267.49, 100.987, 6.35237, row split, 808.497, 158.318, 9.95873, row split2, 815.047, 157.046, 9.8787, row split3, 777.397, 164.652, 10.3571, row split4, 783.306, 163.41, 10.279, merge path, 783.306, 163.41, 10.279,
/data/ctcyang/GraphBLAS/dataset/europar/matrix/11000/11000.mtx, 100000, 100000, 1100000000, 1, 0, 0, 0, 0, 0, 0, 0, 0, 0, 0, 0, 0, 0, 0, 0, 0, 0, 0, 0, 0, 0, 0, 0, 0, 0, 0, 0, 0, 0, 0, 0, 99999, 99999, 11000, 76.2067, 0.00692788, -30.0725, cusparse, 3144.49, 44.7768, 2.81496, cusparse2, 1400.62, 100.527, 6.31978, row split, 926.769, 151.926, 9.55103, row split2, 942.218, 149.435, 9.39443, row split3, 879.817, 160.033, 10.0607, row split4, 905.592, 155.478, 9.77438, merge path, 905.592, 155.478, 9.77438,
/data/ctcyang/GraphBLAS/dataset/europar/matrix/12000/12000.mtx, 100000, 100000, 1200000000, 1, 0, 0, 0, 0, 0, 0, 0, 0, 0, 0, 0, 0, 0, 0, 0, 0, 0, 0, 0, 0, 0, 0, 0, 0, 0, 0, 0, 0, 0, 0, 0, 99999, 99999, 12000, 79.8293, 0.00665245, -33.9527, cusparse, 3302.33, 46.5126, 2.92266, cusparse2, 1529.5, 100.425, 6.31028, row split, 999.211, 153.721, 9.65922, row split2, 1012.15, 151.756, 9.53573, row split3, 954.557, 160.912, 10.1111, row split4, 958.547, 160.242, 10.069, merge path, 958.547, 160.242, 10.069,
/data/ctcyang/GraphBLAS/dataset/europar/matrix/13000/13000.mtx, 100000, 100000, 1300000000, 1, 0, 0, 0, 0, 0, 0, 0, 0, 0, 0, 0, 0, 0, 0, 0, 0, 0, 0, 0, 0, 0, 0, 0, 0, 0, 0, 0, 0, 0, 0, 0, 99999, 99999, 13000, 83.1477, 0.00639598, -38.2089, cusparse, 3428.01, 48.5413, 3.04888, cusparse2, 1662.51, 100.09, 6.28665, row split, 1102.65, 150.909, 9.47861, row split2, 1133.84, 146.758, 9.21786, row split3, 1039.32, 160.105, 10.0562, row split4, 1063.39, 156.48, 9.82855, Cuda error in file '/home/ctcyang/GraphBLAS/test/gbspmm.cu' in line 29 : out of memory.
/data/ctcyang/GraphBLAS/dataset/europar/matrix/14000/14000.mtx, 100000, 100000, 1400000000, 1, 0, 0, 0, 0, 0, 0, 0, 0, 0, 0, 0, 0, 0, 0, 0, 0, 0, 0, 0, 0, 0, 0, 0, 0, 0, 0, 0, 0, 0, 0, 0, 99999, 99999, 14000, 86.0981, 0.00614987, -42.9868, cusparse, 3524.71, 50.8411, 3.19221, cusparse2, 1771.03, 101.184, 6.35315, row split, 1190.02, 150.586, 9.455, row split2, 1201.72, 149.119, 9.3629, row split3, 1115.34, 160.668, 10.088, row split4, 1121.9, 159.728, 10.029, Cuda error in file '/home/ctcyang/GraphBLAS/test/gbspmm.cu' in line 29 : out of memory.
/data/ctcyang/GraphBLAS/dataset/europar/matrix/15000/15000.mtx, 100000, 100000, 1500000000, 1, 0, 0, 0, 0, 0, 0, 0, 0, 0, 0, 0, 0, 0, 0, 0, 0, 0, 0, 0, 0, 0, 0, 0, 0, 0, 0, 0, 0, 0, 0, 0, 99999, 99999, 15000, 89.8706, 0.00599137, -46.4946, cusparse, 3646.61, 52.6517, 3.30488, cusparse2, 1915.06, 100.258, 6.29305, row split, 1335.95, 143.718, 9.02098, row split2, 1362.67, 140.9, 8.84411, row split3, 1239.34, 154.921, 9.72417, row split4, 1258.4, 152.574, 9.57689, Cuda error in file '/home/ctcyang/GraphBLAS/./graphblas/backend/apspie/SparseMatrix.hpp' in line 292 : out of memory.
