Note: must download matrices first under ./dataset/europar/large/ using scripts ./dataset/europar/large/DownloadFigure6.sh and ./dataset/europar/large/ExtractFigure6.sh
filename, num_rows, num_cols, num_nonzeros, row_length_mean, row_length_std_dev, row_length_variation, row_length_skewness, small, big, method1, avg_ms, gflops, gbps, method2, avg_ms, gflops, gbps
/data/ctcyang/GraphBLAS/dataset/europar/large/12month1/12month1.mtx, 12471, 872622, 22624727, 0, 65, 106, 80, 69, 53, 42, 53, 59, 42, 50, 40, 45, 49, 43, 42, 42, 46, 39, 48, 32, 37, 29, 39, 33, 25, 38, 35, 37, 43, 30, 35, 11045, 433, 1814.19, 4554.41, 2.51044, 6.54472, merge path, 52.5382, 55.1212, 3.56756, 
/data/ctcyang/GraphBLAS/dataset/europar/large/144/144.mtx, 144649, 144649, 2148786, 0, 0, 0, 0, 5, 14, 129, 177, 1141, 2080, 3776, 8107, 11897, 16840, 20193, 22010, 20442, 15173, 10182, 6099, 3324, 1611, 825, 373, 152, 70, 29, 0, 0, 0, 0, 0, 0, 0, 14.8552, 2.71831, 0.182988, 0.0742732, merge path, 5.34469, 51.4613, 17.1814, 
/data/ctcyang/GraphBLAS/dataset/europar/large/333SP/333SP.mtx, 3712815, 3712815, 22217266, 0, 0, 1, 2038, 59887, 642300, 2407576, 498965, 96711, 5196, 136, 3, 0, 0, 0, 0, 0, 0, 1, 0, 0, 0, 0, 0, 0, 0, 0, 0, 1, 0, 0, 0, 0, 0, 5.98394, 0.702961, 0.117475, 0.268523, merge path, 58.7855, 48.3761, 35.6134, 
/data/ctcyang/GraphBLAS/dataset/europar/large/AS365/AS365.mtx, 3799275, 3799275, 22736152, 0, 0, 7, 3390, 78002, 1012181, 1762243, 777961, 156458, 8375, 463, 151, 33, 10, 1, 0, 0, 0, 0, 0, 0, 0, 0, 0, 0, 0, 0, 0, 0, 0, 0, 0, 0, 0, 5.98434, 0.865496, 0.144627, 0.29266, merge path, 60.9999, 47.7087, 35.12, 
/data/ctcyang/GraphBLAS/dataset/europar/large/ASIC_680k/ASIC_680k.mtx, 682862, 682862, 3871773, 0, 75, 0, 583523, 0, 316, 0, 80, 451, 14065, 14705, 9295, 2648, 5744, 5770, 23449, 11787, 3605, 1037, 1190, 558, 239, 3246, 155, 155, 88, 73, 44, 56, 22, 37, 25, 424, 2, 5.66992, 659.807, 116.37, 584.849, merge path, 10.0217, 49.4515, 38.2502, 
/data/ctcyang/GraphBLAS/dataset/europar/large/Bump_2911/Bump_2911.mtx, 2911419, 2911419, 124818481, 58988, 1, 0, 0, 0, 0, 0, 0, 0, 0, 0, 9, 0, 0, 0, 0, 0, 30, 0, 0, 1011, 0, 0, 519, 0, 0, 2865, 0, 0, 9438, 0, 0, 2838558, 0, 42.872, 6.96867, 0.162546, -4.69845, merge path, 0, inf, inf, 
/data/ctcyang/GraphBLAS/dataset/europar/large/Cube_Coup_dt0/Cube_Coup_dt0.mtx, 2164760, 2164760, 125041385, 0, 0, 0, 0, 0, 0, 0, 0, 0, 0, 0, 0, 0, 0, 0, 0, 0, 0, 0, 0, 0, 0, 0, 15, 1, 0, 0, 56, 0, 0, 0, 3224, 2161464, 0, 57.7622, 4.47162, 0.0774142, -3.01102, merge path, 283.065, 56.5429, 7.48008, 
/data/ctcyang/GraphBLAS/dataset/europar/large/Cube_Coup_dt6/Cube_Coup_dt6.mtx, 2164760, 2164760, 125041385, 0, 0, 0, 0, 0, 0, 0, 0, 0, 0, 0, 0, 0, 0, 0, 0, 0, 0, 0, 0, 0, 0, 0, 15, 1, 0, 0, 56, 0, 0, 0, 3224, 2161464, 0, 57.7622, 4.47162, 0.0774142, -3.01102, merge path, 283.153, 56.5252, 7.47774, 
/data/ctcyang/GraphBLAS/dataset/europar/large/CurlCurl_1/CurlCurl_1.mtx, 226451, 226451, 2245621, 0, 0, 0, 4, 0, 12, 1062, 362, 27243, 9165, 163443, 136, 25024, 0, 0, 0, 0, 0, 0, 0, 0, 0, 0, 0, 0, 0, 0, 0, 0, 0, 0, 0, 0, 0, 9.91659, 1.02419, 0.103281, -0.196567, merge path, 5.57287, 51.5783, 24.1911, 
/data/ctcyang/GraphBLAS/dataset/europar/large/CurlCurl_4/CurlCurl_4.mtx, 2380515, 2380515, 24135353, 0, 0, 0, 4, 0, 12, 2136, 720, 118441, 39727, 1910525, 296, 308654, 0, 0, 0, 0, 0, 0, 0, 0, 0, 0, 0, 0, 0, 0, 0, 0, 0, 0, 0, 0, 0, 10.1387, 0.855868, 0.0844159, 0.396183, merge path, 59.6619, 51.7806, 23.8247, 
/data/ctcyang/GraphBLAS/dataset/europar/large/Delor295K/Delor295K.mtx, 295734, 1823928, 2401323, 0, 0, 7476, 36, 14871, 1689, 1770, 126123, 81, 78057, 249, 65382, 0, 0, 0, 0, 0, 0, 0, 0, 0, 0, 0, 0, 0, 0, 0, 0, 0, 0, 0, 0, 0, 0, 8.11987, 2.11239, 0.26015, -0.497448, merge path, 6.06304, 50.6956, 28.3372, 
/data/ctcyang/GraphBLAS/dataset/europar/large/Emilia_923/Emilia_923.mtx, 923136, 923136, 40082071, 0, 0, 0, 0, 0, 0, 0, 0, 0, 0, 0, 0, 0, 0, 6, 0, 0, 9, 0, 0, 95, 1, 0, 531, 0, 0, 2355, 0, 0, 5214, 0, 0, 914925, 0, 43.4195, 3.72073, 0.0856927, -1.40523, merge path, 91.1736, 56.2718, 8.74151, 
/data/ctcyang/GraphBLAS/dataset/europar/large/F1/F1.mtx, 343791, 343791, 26493323, 0, 0, 0, 0, 0, 0, 0, 0, 0, 0, 0, 0, 0, 0, 0, 0, 0, 0, 0, 0, 0, 0, 0, 6, 4, 29, 80, 58, 325, 2690, 0, 41, 340558, 0, 77.0623, 40.8091, 0.52956, 2.7617, merge path, 59.6234, 56.8761, 6.53003, 
/data/ctcyang/GraphBLAS/dataset/europar/large/Fault_639/Fault_639.mtx, 638802, 638802, 27975763, 0, 0, 0, 0, 0, 0, 0, 0, 0, 0, 0, 0, 0, 0, 3, 0, 0, 33, 0, 0, 144, 0, 0, 366, 0, 0, 2232, 0, 0, 5132, 1, 0, 630891, 0, 43.7941, 5.16121, 0.117852, 2.76237, merge path, 63.616, 56.2893, 8.69951, 
/data/ctcyang/GraphBLAS/dataset/europar/large/Flan_1565/Flan_1565.mtx, 1564794, 1564794, 115841251, 0, 0, 0, 0, 0, 0, 0, 0, 0, 0, 0, 0, 0, 0, 0, 0, 0, 0, 0, 0, 0, 0, 0, 24, 0, 0, 0, 0, 0, 0, 0, 0, 1564770, 0, 74.0297, 11.4317, 0.15442, -1.45649, merge path, 259.768, 57.0806, 6.67583, 
/data/ctcyang/GraphBLAS/dataset/europar/large/FullChip/FullChip.mtx, 2987012, 2987012, 26621990, 0, 13, 1816, 1918, 23650, 1142423, 408514, 408674, 333344, 164733, 129690, 195280, 82708, 20852, 14457, 8221, 6432, 4662, 4270, 2832, 3088, 1921, 2828, 1407, 1308, 1199, 1024, 991, 1401, 738, 1161, 660, 14797, 4, 8.91258, 1806.8, 202.725, 1224.72, merge path, 66.5497, 51.204, 26.3604, 
/data/ctcyang/GraphBLAS/dataset/europar/large/GL7d17/GL7d17.mtx, 1548650, 955128, 25978098, 1, 1, 28, 54, 157, 319, 738, 1509, 3532, 5631, 10888, 15488, 18471, 23922, 86641, 199826, 63751, 304411, 812056, 32, 27, 9, 12, 16, 36, 45, 38, 36, 54, 76, 62, 8, 775, 0, 16.7747, 1.9801, 0.118041, 0.7489, merge path, 65.5973, 50.6911, 15.3502, 
/data/ctcyang/GraphBLAS/dataset/europar/large/GL7d18/GL7d18.mtx, 1955309, 1548650, 35590540, 0, 1, 7, 34, 51, 163, 318, 717, 1574, 3462, 5410, 14060, 13290, 12133, 17483, 69118, 135056, 59559, 386278, 1232249, 76, 66, 21, 38, 61, 104, 159, 160, 92, 65, 113, 153, 3238, 0, 18.202, 2.15359, 0.118316, 7.05585, merge path, 89.5243, 50.8866, 14.4504, 
/data/ctcyang/GraphBLAS/dataset/europar/large/GL7d19/GL7d19.mtx, 1911130, 1955309, 37322725, 0, 0, 0, 9, 12, 46, 111, 199, 484, 1095, 2420, 4194, 13556, 9207, 11452, 11144, 46462, 59120, 49710, 349654, 1341993, 128, 101, 35, 56, 99, 183, 344, 446, 302, 81, 135, 8352, 0, 19.5291, 2.85415, 0.146148, 11.1817, merge path, 93.8804, 50.8872, 13.6847, 
/data/ctcyang/GraphBLAS/dataset/europar/large/GL7d20/GL7d20.mtx, 1437547, 1911130, 29893084, 1, 0, 2, 1, 14, 36, 62, 189, 225, 489, 900, 2479, 3335, 9206, 7488, 13293, 7340, 24110, 18191, 37901, 266017, 1029539, 195, 119, 36, 52, 109, 214, 451, 836, 710, 93, 13914, 0, 20.7945, 4.14027, 0.199104, 10.2497, merge path, 75.1451, 50.919, 13.0537, 
/data/ctcyang/GraphBLAS/dataset/europar/large/GL7d21/GL7d21.mtx, 822922, 1437547, 18174775, 0, 2, 2, 10, 16, 38, 75, 126, 282, 506, 702, 1134, 3980, 2586, 5051, 7107, 13589, 3921, 8283, 6393, 22041, 167520, 560169, 216, 126, 50, 81, 125, 152, 384, 1060, 1059, 16136, 0, 22.0857, 6.0684, 0.274767, 8.91991, merge path, 45.4309, 51.2069, 12.5471, 
/data/ctcyang/GraphBLAS/dataset/europar/large/GL7d23/GL7d23.mtx, 105054, 349443, 2695430, 0, 0, 1, 0, 1, 4, 16, 9, 48, 65, 125, 263, 357, 414, 1768, 299, 666, 1943, 5824, 185, 352, 801, 3087, 21517, 58908, 49, 55, 49, 84, 95, 58, 174, 7837, 0, 25.6576, 13.5386, 0.527664, 8.85552, merge path, 6.61806, 52.1324, 11.4492, 
/data/ctcyang/GraphBLAS/dataset/europar/large/Ga41As41H72/Ga41As41H72.mtx, 268096, 268096, 18220381, 0, 0, 0, 0, 0, 0, 0, 0, 0, 0, 0, 0, 0, 0, 0, 0, 0, 575, 4225, 2640, 2568, 2528, 2448, 2856, 2784, 3168, 2856, 4248, 4392, 4344, 4760, 6096, 217608, 0, 67.9622, 105.388, 1.55068, 2.90932, merge path, 40.7263, 57.2654, 6.97585, 
/data/ctcyang/GraphBLAS/dataset/europar/large/Geo_1438/Geo_1438.mtx, 1437960, 1437960, 61718731, 0, 0, 0, 0, 0, 0, 0, 0, 0, 0, 0, 0, 0, 0, 3, 0, 0, 15, 0, 0, 144, 0, 0, 923, 1, 0, 6867, 0, 0, 24582, 0, 0, 1405425, 0, 42.921, 4.3986, 0.102481, -1.40518, merge path, 140.577, 56.197, 8.79047, 
/data/ctcyang/GraphBLAS/dataset/europar/large/H2O/H2O.mtx, 67024, 67024, 2149713, 0, 0, 0, 0, 0, 0, 0, 0, 0, 0, 0, 0, 0, 15, 99, 80, 182, 232, 1044, 658, 774, 692, 794, 836, 974, 1122, 1168, 1556, 1694, 1928, 4722, 4700, 43754, 0, 32.0738, 4.801, 0.149686, -1.44269, merge path, 5.06806, 54.2936, 10.2173, 
/data/ctcyang/GraphBLAS/dataset/europar/large/Hook_1498/Hook_1498.mtx, 1498023, 1498023, 59419423, 0, 0, 0, 0, 0, 0, 0, 0, 0, 0, 0, 0, 0, 0, 84, 0, 0, 3366, 0, 0, 235010, 1, 0, 64341, 0, 0, 69111, 0, 0, 100482, 0, 0, 1025628, 0, 39.6652, 13.9538, 0.351789, 0.044577, merge path, 136.17, 55.8544, 9.16749, 
/data/ctcyang/GraphBLAS/dataset/europar/large/Long_Coup_dt0/Long_Coup_dt0.mtx, 1470152, 1470152, 85618841, 0, 0, 0, 0, 0, 0, 0, 0, 0, 0, 0, 0, 0, 0, 0, 0, 0, 0, 0, 8, 0, 0, 0, 16, 0, 0, 0, 108, 0, 0, 0, 815, 1469205, 0, 58.2381, 6.6625, 0.114401, 15.5559, merge path, 193.937, 56.509, 7.44337, 
/data/ctcyang/GraphBLAS/dataset/europar/large/Long_Coup_dt6/Long_Coup_dt6.mtx, 1470152, 1470152, 85618841, 0, 0, 0, 0, 0, 0, 0, 0, 0, 0, 0, 0, 0, 0, 0, 0, 0, 0, 0, 8, 0, 0, 0, 16, 0, 0, 0, 108, 0, 0, 0, 815, 1469205, 0, 58.2381, 6.6625, 0.114401, 15.5559, merge path, 193.843, 56.5364, 7.44699, 
/data/ctcyang/GraphBLAS/dataset/europar/large/M6/M6.mtx, 3501776, 3501776, 21003872, 0, 0, 0, 131, 55168, 914656, 1676430, 700551, 146681, 7948, 211, 0, 0, 0, 0, 0, 0, 0, 0, 0, 0, 0, 0, 0, 0, 0, 0, 0, 0, 0, 0, 0, 0, 0, 5.99806, 0.844716, 0.140832, 0.358693, merge path, 56.2083, 47.8309, 35.1362, 
/data/ctcyang/GraphBLAS/dataset/europar/large/ML_Geer/ML_Geer.mtx, 1504002, 1504002, 110879972, 0, 0, 0, 0, 0, 0, 0, 0, 0, 0, 0, 0, 0, 0, 0, 0, 0, 0, 0, 0, 0, 0, 0, 0, 0, 0, 8, 0, 0, 0, 0, 0, 1503994, 0, 73.7233, 2.50687, 0.0340038, -10.3106, merge path, 249.072, 56.982, 6.6772, 
/data/ctcyang/GraphBLAS/dataset/europar/large/ML_Laplace/ML_Laplace.mtx, 377002, 377002, 27689972, 0, 0, 0, 0, 0, 0, 0, 0, 0, 0, 0, 0, 0, 0, 0, 0, 0, 0, 0, 0, 0, 0, 0, 0, 0, 0, 8, 0, 0, 0, 0, 0, 376994, 0, 73.4478, 3.52481, 0.0479907, -7.21436, merge path, 62.1886, 56.993, 6.69018, 
/data/ctcyang/GraphBLAS/dataset/europar/large/NLR/NLR.mtx, 4163763, 4163763, 24975952, 0, 0, 0, 335, 63591, 1075249, 2021763, 821288, 170991, 9714, 447, 113, 105, 61, 40, 28, 18, 10, 6, 2, 2, 0, 0, 0, 0, 0, 0, 0, 0, 0, 0, 0, 0, 0, 5.99841, 0.841931, 0.140359, 0.423089, merge path, 66.8919, 47.7924, 35.106, 
/data/ctcyang/GraphBLAS/dataset/europar/large/PFlow_742/PFlow_742.mtx, 742793, 742793, 36395669, 57650, 1, 0, 0, 0, 0, 0, 0, 0, 0, 0, 166, 0, 0, 2, 0, 0, 4, 335, 2104, 0, 2, 0, 854, 1, 162, 49, 5, 6, 18784, 1, 45779, 616888, 0, 48.9984, 19.9725, 0.407614, -0.585212, merge path, 0, inf, inf, 
/data/ctcyang/GraphBLAS/dataset/europar/large/RM07R/RM07R.mtx, 381689, 381689, 37464962, 0, 109054, 3, 3, 7, 21, 50, 71, 86, 124, 153, 151, 183, 130, 140, 117, 121, 99, 104, 91, 115, 86, 96, 100, 107, 74, 88, 97, 79, 76, 90, 51, 269922, 0, 98.1557, 68.685, 0.699755, -0.245034, merge path, 82.7055, 57.983, 6.0053, 
/data/ctcyang/GraphBLAS/dataset/europar/large/Serena/Serena.mtx, 1391349, 1391349, 63140353, 0, 0, 0, 0, 0, 0, 0, 0, 0, 0, 0, 0, 0, 0, 6, 0, 0, 273, 0, 0, 3110, 1, 0, 8784, 0, 0, 17949, 0, 0, 33567, 0, 0, 1327659, 0, 45.3807, 9.24593, 0.203742, 0.818786, merge path, 143.752, 56.2217, 8.50814, 
/data/ctcyang/GraphBLAS/dataset/europar/large/Stanford/Stanford.mtx, 281903, 281903, 2312497, 20315, 66816, 69915, 40381, 21052, 12015, 10599, 6069, 3003, 2362, 2066, 2324, 1856, 1425, 1450, 4493, 768, 803, 789, 595, 536, 451, 754, 1956, 1226, 571, 476, 456, 241, 215, 249, 183, 5493, 16, 8.20317, 166.332, 20.2765, 116.239, merge path, 5.95361, 49.7176, 27.5399, 
/data/ctcyang/GraphBLAS/dataset/europar/large/StocF-1465/StocF-1465.mtx, 1465137, 1465137, 19540253, 29103, 2, 2, 11, 69, 215, 898, 2249, 6889, 14388, 43472, 38353, 174774, 95991, 928010, 11920, 106591, 2189, 4986, 1068, 1208, 362, 357, 295, 204, 150, 136, 103, 77, 117, 94, 87, 767, 0, 13.3368, 2.57377, 0.192983, 1.2728, merge path, 0, inf, inf, 
/data/ctcyang/GraphBLAS/dataset/europar/large/TSC_OPF_1047/TSC_OPF_1047.mtx, 8140, 8140, 2008763, 1, 0, 152, 2, 578, 580, 811, 153, 550, 38, 221, 542, 249, 98, 183, 318, 8, 6, 26, 124, 2, 8, 14, 68, 0, 2, 4, 38, 0, 0, 2, 6, 3356, 0, 246.777, 323.646, 1.31149, 1.34163, merge path, 4.30231, 59.7636, 4.7115, 
/data/ctcyang/GraphBLAS/dataset/europar/large/TSOPF_FS_b162_c4/TSOPF_FS_b162_c4.mtx, 40798, 40798, 2387797, 1, 0, 100, 103, 19802, 100, 102, 20, 36, 26, 38, 116, 42, 8, 28, 42, 8, 2, 28, 22, 6, 10, 20, 16, 2, 6, 4, 4, 0, 4, 6, 4, 20092, 25, 58.5273, 495.417, 8.46471, 39.88, merge path, 5.45121, 56.068, 7.3661, 
/data/ctcyang/GraphBLAS/dataset/europar/large/TSOPF_RS_b300_c2/TSOPF_RS_b300_c2.mtx, 28338, 28338, 2943887, 0, 1, 1, 184, 13893, 39, 118, 38, 137, 29, 48, 14, 10, 2, 8, 0, 8, 4, 2, 0, 0, 0, 0, 0, 2, 0, 0, 0, 0, 0, 0, 0, 13800, 0, 103.885, 102.405, 0.985752, 0.0519982, merge path, 6.42701, 58.6303, 5.93954, 
/data/ctcyang/GraphBLAS/dataset/europar/large/Transport/Transport.mtx, 1602111, 1602111, 23500731, 0, 0, 0, 0, 0, 6, 0, 1014, 2, 1014, 0, 129166, 0, 0, 0, 1470909, 0, 0, 0, 0, 0, 0, 0, 0, 0, 0, 0, 0, 0, 0, 0, 0, 0, 0, 14.6686, 1.11529, 0.0760321, -3.13693, merge path, 57.1511, 52.6341, 17.7546, 
/data/ctcyang/GraphBLAS/dataset/europar/large/Trec14/Trec14.mtx, 3159, 15905, 2872265, 0, 0, 0, 0, 0, 0, 1, 0, 0, 0, 0, 0, 0, 0, 0, 0, 0, 0, 0, 0, 0, 0, 0, 1, 0, 0, 0, 1, 0, 0, 0, 0, 3156, 0, 909.232, 352.377, 0.387554, -0.27645, merge path, 6.1107, 60.1649, 4.02706, 
/data/ctcyang/GraphBLAS/dataset/europar/large/adaptive/adaptive.mtx, 6815744, 6815744, 27248640, 0, 0, 4, 14328, 6801412, 0, 0, 0, 0, 0, 0, 0, 0, 0, 0, 0, 0, 0, 0, 0, 0, 0, 0, 0, 0, 0, 0, 0, 0, 0, 0, 0, 0, 0, 3.9979, 0.045827, 0.0114628, -21.7538, merge path, 72.0116, 48.4342, 51.8654, 
/data/ctcyang/GraphBLAS/dataset/europar/large/af_0_k101/af_0_k101.mtx, 503625, 503625, 17047051, 0, 0, 0, 0, 0, 0, 0, 0, 0, 0, 0, 0, 0, 0, 9, 1, 0, 0, 0, 850, 0, 0, 0, 0, 5905, 0, 0, 0, 0, 840, 0, 0, 496020, 0, 33.8487, 1.25655, 0.0371225, -8.60193, merge path, 39.3588, 55.4392, 10.0676, 
/data/ctcyang/GraphBLAS/dataset/europar/large/af_1_k101/af_1_k101.mtx, 503625, 503625, 17047051, 0, 0, 0, 0, 0, 0, 0, 0, 0, 0, 0, 0, 0, 0, 9, 1, 0, 0, 0, 850, 0, 0, 0, 0, 5905, 0, 0, 0, 0, 840, 0, 0, 496020, 0, 33.8487, 1.25655, 0.0371225, -8.60193, merge path, 39.3667, 55.4282, 10.0655, 
/data/ctcyang/GraphBLAS/dataset/europar/large/af_2_k101/af_2_k101.mtx, 503625, 503625, 17047051, 0, 0, 0, 0, 0, 0, 0, 0, 0, 0, 0, 0, 0, 0, 9, 1, 0, 0, 0, 850, 0, 0, 0, 0, 5905, 0, 0, 0, 0, 840, 0, 0, 496020, 0, 33.8487, 1.25655, 0.0371225, -8.60193, merge path, 39.3723, 55.4202, 10.0641, 
/data/ctcyang/GraphBLAS/dataset/europar/large/af_3_k101/af_3_k101.mtx, 503625, 503625, 17047051, 0, 0, 0, 0, 0, 0, 0, 0, 0, 0, 0, 0, 0, 0, 9, 1, 0, 0, 0, 850, 0, 0, 0, 0, 5905, 0, 0, 0, 0, 840, 0, 0, 496020, 0, 33.8487, 1.25655, 0.0371225, -8.60193, merge path, 39.3849, 55.4025, 10.0609, 
/data/ctcyang/GraphBLAS/dataset/europar/large/af_shell1/af_shell1.mtx, 504855, 504855, 17084021, 0, 0, 0, 0, 0, 0, 0, 0, 0, 0, 0, 0, 0, 0, 0, 0, 0, 0, 0, 1275, 0, 0, 0, 0, 4005, 0, 0, 0, 0, 5119, 1, 0, 494455, 0, 33.8395, 1.27521, 0.0376842, -8.07838, merge path, 39.4947, 55.3683, 10.0565, 
/data/ctcyang/GraphBLAS/dataset/europar/large/af_shell10/af_shell10.mtx, 1508065, 1508065, 51164261, 0, 0, 0, 0, 0, 0, 0, 0, 0, 0, 0, 0, 0, 0, 19, 1, 0, 0, 0, 2610, 0, 0, 0, 0, 5730, 0, 0, 0, 0, 2620, 0, 0, 1497085, 0, 33.9271, 0.901532, 0.0265726, -13.3542, merge path, 118.542, 55.2462, 10.0173, 
/data/ctcyang/GraphBLAS/dataset/europar/large/af_shell2/af_shell2.mtx, 504855, 504855, 17084021, 0, 0, 0, 0, 0, 0, 0, 0, 0, 0, 0, 0, 0, 0, 0, 0, 0, 0, 0, 1275, 0, 0, 0, 0, 4005, 0, 0, 0, 0, 5119, 1, 0, 494455, 0, 33.8395, 1.27521, 0.0376842, -8.07838, merge path, 39.5218, 55.3303, 10.0496, 
/data/ctcyang/GraphBLAS/dataset/europar/large/af_shell3/af_shell3.mtx, 504855, 504855, 17084021, 0, 0, 0, 0, 0, 0, 0, 0, 0, 0, 0, 0, 0, 0, 0, 0, 0, 0, 0, 1275, 0, 0, 0, 0, 4005, 0, 0, 0, 0, 5119, 1, 0, 494455, 0, 33.8395, 1.27521, 0.0376842, -8.07838, merge path, 39.4996, 55.3614, 10.0552, 
/data/ctcyang/GraphBLAS/dataset/europar/large/af_shell4/af_shell4.mtx, 504855, 504855, 17084021, 0, 0, 0, 0, 0, 0, 0, 0, 0, 0, 0, 0, 0, 0, 0, 0, 0, 0, 0, 1275, 0, 0, 0, 0, 4005, 0, 0, 0, 0, 5119, 1, 0, 494455, 0, 33.8395, 1.27521, 0.0376842, -8.07838, merge path, 39.5121, 55.344, 10.052, 
/data/ctcyang/GraphBLAS/dataset/europar/large/af_shell5/af_shell5.mtx, 504855, 504855, 17084021, 0, 0, 0, 0, 0, 0, 0, 0, 0, 0, 0, 0, 0, 0, 0, 0, 0, 0, 0, 1275, 0, 0, 0, 0, 4005, 0, 0, 0, 0, 5119, 1, 0, 494455, 0, 33.8395, 1.27521, 0.0376842, -8.07838, merge path, 39.5166, 55.3376, 10.0509, 
/data/ctcyang/GraphBLAS/dataset/europar/large/af_shell6/af_shell6.mtx, 504855, 504855, 17084021, 0, 0, 0, 0, 0, 0, 0, 0, 0, 0, 0, 0, 0, 0, 0, 0, 0, 0, 0, 1275, 0, 0, 0, 0, 4005, 0, 0, 0, 0, 5119, 1, 0, 494455, 0, 33.8395, 1.27521, 0.0376842, -8.07838, merge path, 39.5177, 55.336, 10.0506, 
/data/ctcyang/GraphBLAS/dataset/europar/large/af_shell7/af_shell7.mtx, 504855, 504855, 17084021, 0, 0, 0, 0, 0, 0, 0, 0, 0, 0, 0, 0, 0, 0, 0, 0, 0, 0, 0, 1275, 0, 0, 0, 0, 4005, 0, 0, 0, 0, 5119, 1, 0, 494455, 0, 33.8395, 1.27521, 0.0376842, -8.07838, merge path, 39.5095, 55.3475, 10.0527, 
/data/ctcyang/GraphBLAS/dataset/europar/large/af_shell8/af_shell8.mtx, 504855, 504855, 17084021, 0, 0, 0, 0, 0, 0, 0, 0, 0, 0, 0, 0, 0, 0, 0, 0, 0, 0, 0, 1275, 0, 0, 0, 0, 4005, 0, 0, 0, 0, 5119, 1, 0, 494455, 0, 33.8395, 1.27521, 0.0376842, -8.07838, merge path, 39.5115, 55.3448, 10.0522, 
/data/ctcyang/GraphBLAS/dataset/europar/large/af_shell9/af_shell9.mtx, 504855, 504855, 17084021, 0, 0, 0, 0, 0, 0, 0, 0, 0, 0, 0, 0, 0, 0, 0, 0, 0, 0, 0, 1275, 0, 0, 0, 0, 4005, 0, 0, 0, 0, 5119, 1, 0, 494455, 0, 33.8395, 1.27521, 0.0376842, -8.07838, merge path, 39.507, 55.351, 10.0533, 
/data/ctcyang/GraphBLAS/dataset/europar/large/as-Skitter/as-Skitter.mtx, 1696415, 1696415, 22190596, 0, 218399, 256866, 190305, 150663, 124595, 99405, 81359, 67978, 57216, 46512, 39115, 33125, 28817, 24845, 21187, 18254, 16040, 14518, 12805, 11423, 10348, 9592, 8509, 7938, 7058, 6808, 6018, 5624, 5234, 4906, 4754, 106199, 58, 13.0809, 136.861, 10.4626, 132.955, merge path, 53.9043, 52.6933, 19.5323, 
/data/ctcyang/GraphBLAS/dataset/europar/large/asia_osm/asia_osm.mtx, 11950757, 11950757, 25423206, 0, 417257, 9912659, 1307462, 309091, 3902, 350, 23, 7, 6, 0, 0, 0, 0, 0, 0, 0, 0, 0, 0, 0, 0, 0, 0, 0, 0, 0, 0, 0, 0, 0, 0, 0, 0, 2.12733, 0.484832, 0.227906, 1.7617, merge path, 71.9702, 45.2155, 88.5086, 
/data/ctcyang/GraphBLAS/dataset/europar/large/audikw_1/audikw_1.mtx, 943695, 943695, 76708153, 0, 0, 0, 0, 0, 0, 0, 0, 0, 0, 0, 0, 0, 0, 0, 0, 0, 0, 0, 0, 162, 0, 0, 18, 0, 0, 0, 0, 0, 3603, 0, 0, 939912, 0, 81.2849, 42.4453, 0.522179, 2.26782, merge path, 171.431, 57.2746, 6.42015, 
/data/ctcyang/GraphBLAS/dataset/europar/large/barrier2-1/barrier2-1.mtx, 113076, 113076, 3805068, 0, 0, 0, 0, 0, 0, 0, 0, 0, 0, 8, 0, 190, 0, 494, 744, 353, 682, 7293, 1443, 207, 18532, 386, 405, 9143, 589, 569, 9251, 446, 137, 6592, 362, 55250, 0, 33.6505, 24.9358, 0.741022, 196.745, merge path, 8.87237, 54.895, 10.0072, 
/data/ctcyang/GraphBLAS/dataset/europar/large/barrier2-10/barrier2-10.mtx, 115625, 115625, 3897557, 0, 0, 0, 0, 0, 0, 0, 0, 186, 298, 90, 77, 60, 72, 41, 590, 457, 200, 6403, 1720, 1177, 18073, 1766, 257, 8700, 1384, 280, 8735, 1079, 200, 6469, 573, 56738, 0, 33.7086, 28.4608, 0.844318, 224.247, merge path, 9.08983, 54.8841, 9.99391, 
/data/ctcyang/GraphBLAS/dataset/europar/large/barrier2-11/barrier2-11.mtx, 115625, 115625, 3897557, 0, 0, 0, 0, 0, 0, 0, 0, 186, 298, 90, 77, 60, 72, 41, 590, 457, 200, 6403, 1720, 1177, 18073, 1766, 257, 8700, 1384, 280, 8735, 1079, 200, 6469, 573, 56738, 0, 33.7086, 28.4608, 0.844318, 224.247, merge path, 9.09007, 54.8827, 9.99365, 
/data/ctcyang/GraphBLAS/dataset/europar/large/barrier2-12/barrier2-12.mtx, 115625, 115625, 3897557, 0, 0, 0, 0, 0, 0, 0, 0, 186, 298, 90, 77, 60, 72, 41, 590, 457, 200, 6403, 1720, 1177, 18073, 1766, 257, 8700, 1384, 280, 8735, 1079, 200, 6469, 573, 56738, 0, 33.7086, 28.4608, 0.844318, 224.247, merge path, 9.08992, 54.8836, 9.99381, 
/data/ctcyang/GraphBLAS/dataset/europar/large/barrier2-2/barrier2-2.mtx, 113076, 113076, 3805068, 0, 0, 0, 0, 0, 0, 0, 0, 0, 0, 8, 0, 190, 0, 494, 744, 353, 682, 7293, 1443, 207, 18532, 386, 405, 9143, 589, 569, 9251, 446, 137, 6592, 362, 55250, 0, 33.6505, 24.9358, 0.741022, 196.745, merge path, 8.87214, 54.8964, 10.0075, 
/data/ctcyang/GraphBLAS/dataset/europar/large/barrier2-3/barrier2-3.mtx, 113076, 113076, 3805068, 0, 0, 0, 0, 0, 0, 0, 0, 0, 0, 8, 0, 190, 0, 494, 744, 353, 682, 7293, 1443, 207, 18532, 386, 405, 9143, 589, 569, 9251, 446, 137, 6592, 362, 55250, 0, 33.6505, 24.9358, 0.741022, 196.745, merge path, 8.87158, 54.8999, 10.0081, 
/data/ctcyang/GraphBLAS/dataset/europar/large/barrier2-4/barrier2-4.mtx, 113076, 113076, 3805068, 0, 0, 0, 0, 0, 0, 0, 0, 0, 0, 8, 0, 190, 0, 494, 744, 353, 682, 7293, 1443, 207, 18532, 386, 405, 9143, 589, 569, 9251, 446, 137, 6592, 362, 55250, 0, 33.6505, 24.9358, 0.741022, 196.745, merge path, 8.87332, 54.8891, 10.0061, 
/data/ctcyang/GraphBLAS/dataset/europar/large/barrier2-9/barrier2-9.mtx, 115625, 115625, 3897557, 0, 0, 0, 0, 0, 0, 0, 0, 186, 298, 90, 77, 60, 72, 41, 590, 457, 200, 6403, 1720, 1177, 18073, 1766, 257, 8700, 1384, 280, 8735, 1079, 200, 6469, 573, 56738, 0, 33.7086, 28.4608, 0.844318, 224.247, merge path, 9.08918, 54.8881, 9.99463, 
/data/ctcyang/GraphBLAS/dataset/europar/large/bcsstk30/bcsstk30.mtx, 28924, 28924, 2014569, 0, 0, 0, 2, 19, 4, 5, 6, 31, 24, 5, 57, 34, 35, 105, 198, 51, 176, 13, 25, 101, 38, 92, 419, 44, 441, 129, 20, 19, 20, 24, 20, 26767, 0, 69.6504, 31.7231, 0.455462, 0.903853, merge path, 4.50559, 57.2322, 6.88952, 
/data/ctcyang/GraphBLAS/dataset/europar/large/bcsstk32/bcsstk32.mtx, 44609, 44609, 1970093, 0, 2, 0, 0, 0, 6, 0, 31, 93, 55, 7, 304, 32, 40, 178, 316, 103, 1608, 94, 302, 286, 144, 198, 794, 111, 202, 2154, 168, 203, 708, 362, 356, 35752, 0, 44.1636, 15.485, 0.350629, 1.08837, merge path, 4.48722, 56.1978, 8.6421, 
/data/ctcyang/GraphBLAS/dataset/europar/large/bcsstk39/bcsstk39.mtx, 46772, 46772, 2042523, 0, 0, 0, 0, 0, 0, 0, 0, 0, 0, 0, 4, 0, 0, 0, 0, 0, 796, 0, 0, 0, 20, 0, 52, 0, 0, 0, 0, 0, 690, 0, 0, 45210, 0, 43.6698, 4.95384, 0.113439, -2.68084, merge path, 4.64066, 56.3374, 8.72171, 
/data/ctcyang/GraphBLAS/dataset/europar/large/bone010/bone010.mtx, 986703, 986703, 70679623, 0, 0, 0, 0, 0, 0, 0, 0, 0, 0, 0, 12, 0, 0, 0, 0, 0, 6, 0, 0, 0, 0, 0, 37868, 1, 0, 3, 0, 0, 9, 0, 0, 948804, 0, 71.6321, 15.8104, 0.220717, -1.83825, merge path, 158.695, 57.0086, 6.77132, 
/data/ctcyang/GraphBLAS/dataset/europar/large/boneS10/boneS10.mtx, 914898, 914898, 54553525, 0, 0, 0, 0, 0, 0, 0, 0, 0, 0, 0, 33, 0, 0, 0, 0, 0, 9, 0, 0, 12, 0, 0, 107180, 1, 0, 3, 0, 0, 21, 0, 0, 807639, 0, 59.628, 20.374, 0.341685, -0.537001, merge path, 123.093, 56.7282, 7.38072, 
/data/ctcyang/GraphBLAS/dataset/europar/large/bundle_adj/bundle_adj.mtx, 513351, 513351, 19694701, 0, 0, 27, 0, 0, 18, 0, 0, 105945, 0, 0, 0, 0, 0, 185535, 0, 0, 0, 0, 0, 95070, 0, 0, 0, 0, 0, 41244, 0, 0, 0, 0, 0, 85512, 24, 38.365, 250.766, 6.53633, 17.8208, merge path, 46.0016, 54.8008, 9.18331, 
/data/ctcyang/GraphBLAS/dataset/europar/large/c-big/c-big.mtx, 345241, 345241, 1995771, 0, 134516, 8749, 38412, 20718, 8509, 12022, 38133, 40300, 4069, 4672, 4268, 2144, 2398, 3046, 2813, 1115, 397, 516, 5040, 586, 300, 534, 2399, 414, 218, 320, 1836, 390, 174, 246, 1018, 4969, 1, 5.78081, 36.4441, 6.30434, 468.091, merge path, 5.10464, 50.0444, 38.0263, 
/data/ctcyang/GraphBLAS/dataset/europar/large/c8_mat11/c8_mat11.mtx, 4562, 5761, 2462970, 0, 0, 0, 0, 0, 0, 0, 0, 0, 0, 0, 0, 0, 0, 0, 437, 0, 0, 0, 0, 0, 0, 0, 0, 0, 515, 0, 0, 0, 0, 0, 0, 3610, 0, 539.888, 427.66, 0.792126, -0.112917, merge path, 5.19394, 60.6977, 4.24683, 
/data/ctcyang/GraphBLAS/dataset/europar/large/c8_mat11_I/c8_mat11_I.mtx, 4562, 5761, 2462970, 0, 0, 0, 0, 0, 0, 0, 0, 0, 0, 0, 0, 0, 0, 0, 437, 0, 0, 0, 0, 0, 0, 0, 0, 0, 515, 0, 0, 0, 0, 0, 0, 3610, 0, 539.888, 427.66, 0.792126, -0.112917, merge path, 5.20985, 60.5123, 4.23385, 
/data/ctcyang/GraphBLAS/dataset/europar/large/cage12/cage12.mtx, 130228, 130228, 2032536, 0, 0, 0, 0, 0, 1024, 0, 2304, 5440, 1664, 5936, 11600, 6912, 9848, 12344, 9364, 11248, 10609, 7690, 8779, 5932, 4747, 4712, 2297, 2760, 1483, 982, 1055, 462, 544, 180, 252, 60, 0, 15.6075, 4.70918, 0.301725, 0.371495, merge path, 4.95055, 52.5527, 16.8583, 
/data/ctcyang/GraphBLAS/dataset/europar/large/cage14/cage14.mtx, 1505785, 1505785, 27130349, 0, 0, 0, 0, 0, 4096, 0, 12800, 26240, 10688, 42368, 79888, 45088, 78640, 113480, 96400, 112232, 117689, 105818, 105709, 100980, 79914, 77754, 69761, 48500, 42577, 37646, 23578, 20146, 15354, 11074, 7627, 19738, 0, 18.0174, 5.36783, 0.297924, 0.411992, merge path, 65.6777, 52.8746, 15.1349, 
/data/ctcyang/GraphBLAS/dataset/europar/large/cage15/cage15.mtx, 5154859, 5154859, 99199551, 0, 0, 0, 128, 0, 8912, 888, 29656, 57736, 28636, 113408, 197226, 116754, 221080, 334416, 277544, 332384, 385774, 344308, 361776, 360106, 300817, 301900, 275404, 205396, 200480, 156318, 113060, 108634, 72584, 63826, 50530, 135178, 0, 19.2439, 5.73672, 0.298106, 0.456587, merge path, 240.109, 52.8825, 14.3831, 
/data/ctcyang/GraphBLAS/dataset/europar/large/ch7-9-b5/ch7-9-b5.mtx, 423360, 317520, 2540160, 0, 0, 0, 0, 0, 0, 423360, 0, 0, 0, 0, 0, 0, 0, 0, 0, 0, 0, 0, 0, 0, 0, 0, 0, 0, 0, 0, 0, 0, 0, 0, 0, 0, 0, 6, 0, 0, -nan, merge path, 6.56418, 49.5325, 36.3754, 
/data/ctcyang/GraphBLAS/dataset/europar/large/channel-500x100x100-b050/channel-500x100x100-b050.mtx, 4802000, 4802000, 85362744, 0, 0, 0, 0, 0, 0, 8, 0, 0, 2760, 0, 0, 0, 209664, 0, 0, 0, 0, 4589568, 0, 0, 0, 0, 0, 0, 0, 0, 0, 0, 0, 0, 0, 0, 0, 17.7765, 1.04326, 0.0586875, -4.52559, merge path, 202.265, 54.0204, 15.6267, 
/data/ctcyang/GraphBLAS/dataset/europar/large/circuit5M/circuit5M.mtx, 5558326, 5558326, 59524291, 0, 462, 4498, 4382, 28332, 5162008, 2566, 1248, 816, 778, 332, 2290, 78, 20, 19, 26, 11, 10, 94, 157, 7, 13, 18, 19, 15, 10, 17, 4, 5, 1, 1, 1481, 348608, 20, 10.709, 1356.62, 126.68, 868.029, merge path, 143.797, 52.985, 23.257, 
/data/ctcyang/GraphBLAS/dataset/europar/large/citationCiteseer/citationCiteseer.mtx, 268495, 268495, 2313294, 0, 37842, 34555, 29113, 24317, 20251, 17352, 14501, 12071, 10186, 8502, 7248, 5961, 5117, 4456, 3907, 3271, 2786, 2445, 2075, 1914, 1703, 1412, 1302, 1129, 1025, 921, 856, 742, 720, 633, 581, 9601, 0, 8.61578, 16.2825, 1.88984, 17.7068, merge path, 5.98545, 49.4702, 26.2386, 
/data/ctcyang/GraphBLAS/dataset/europar/large/coPapersCiteseer/coPapersCiteseer.mtx, 434102, 434102, 32073440, 0, 5283, 7384, 7915, 8406, 8514, 7926, 8001, 7759, 7426, 7470, 7065, 7226, 6292, 6548, 6503, 6057, 5812, 5781, 5631, 5422, 5352, 5255, 5065, 4815, 4696, 4574, 4721, 4295, 4750, 4211, 3871, 244076, 0, 73.8846, 101.278, 1.37076, 3.46726, merge path, 70.8511, 57.9441, 6.78302, 
/data/ctcyang/GraphBLAS/dataset/europar/large/coPapersDBLP/coPapersDBLP.mtx, 540486, 540486, 30491458, 0, 8864, 11336, 11778, 11806, 11550, 11180, 10940, 10593, 10068, 9851, 9464, 9264, 8821, 8266, 8469, 7916, 8140, 7388, 7343, 7042, 6500, 6766, 6717, 6682, 5995, 6075, 5995, 5600, 5695, 5403, 5432, 283547, 0, 56.4149, 66.2361, 1.17409, 3.09408, merge path, 68.4507, 57.0178, 7.63794, 
/data/ctcyang/GraphBLAS/dataset/europar/large/cop20k_A/cop20k_A.mtx, 121192, 121192, 2524489, 21349, 0, 0, 0, 0, 0, 0, 4, 220, 110, 0, 3, 107, 4264, 0, 5, 331, 12746, 1, 16, 834, 13190, 46810, 5, 0, 7, 216, 308, 14, 0, 71, 1976, 18605, 0, 20.8305, 13.5186, 0.648984, 0.512183, merge path, 0, inf, inf, 
/data/ctcyang/GraphBLAS/dataset/europar/large/ct20stif/ct20stif.mtx, 52329, 52329, 2646135, 0, 2, 5, 4, 2, 10, 4, 52, 16, 4, 20, 411, 10, 39, 107, 90, 56, 905, 35, 127, 165, 83, 184, 1269, 46, 132, 394, 119, 204, 1200, 104, 202, 46328, 0, 50.5673, 16.9786, 0.335763, 0.530362, merge path, 6.0026, 56.4264, 8.025, 
/data/ctcyang/GraphBLAS/dataset/europar/large/darcy003/darcy003.mtx, 389874, 389874, 1867115, 0, 0, 1837, 154927, 0, 0, 233110, 0, 0, 0, 0, 0, 0, 0, 0, 0, 0, 0, 0, 0, 0, 0, 0, 0, 0, 0, 0, 0, 0, 0, 0, 0, 0, 0, 4.78902, 1.47828, 0.308681, -0.407295, merge path, 4.96366, 48.148, 43.5388, 
/data/ctcyang/GraphBLAS/dataset/europar/large/delaunay_n22/delaunay_n22.mtx, 4194304, 4194304, 25165738, 0, 0, 0, 47285, 448265, 1089395, 1234573, 834028, 377459, 124287, 31287, 6324, 1061, 192, 59, 34, 22, 11, 10, 4, 5, 1, 1, 1, 0, 0, 0, 0, 0, 0, 0, 0, 0, 0, 5.99998, 1.33638, 0.222731, 0.448473, merge path, 65.0403, 49.5264, 36.3711, 
/data/ctcyang/GraphBLAS/dataset/europar/large/delaunay_n23/delaunay_n23.mtx, 8388608, 8388608, 50331568, 0, 0, 0, 94444, 897140, 2175098, 2475341, 1664329, 755704, 248624, 62578, 12597, 2153, 377, 90, 41, 38, 15, 17, 6, 5, 5, 4, 0, 0, 0, 1, 0, 1, 0, 0, 0, 0, 0, 5.99999, 1.336, 0.222667, 0.446777, merge path, 130.15, 49.5, 36.3516, 
/data/ctcyang/GraphBLAS/dataset/europar/large/dielFilterV2real/dielFilterV2real.mtx, 1157456, 1157456, 47381497, 0, 0, 0, 0, 0, 6, 0, 10, 0, 2, 0, 664, 0, 22, 0, 220, 0, 15422, 0, 1462, 0, 4140, 0, 52963, 1, 46, 0, 3390, 0, 58476, 0, 602590, 418042, 0, 40.9359, 16.1486, 0.394485, 0.9212, merge path, 109.35, 55.4628, 8.92824, 
/data/ctcyang/GraphBLAS/dataset/europar/large/dielFilterV3real/dielFilterV3real.mtx, 1102824, 1102824, 88203197, 0, 0, 0, 0, 0, 0, 0, 0, 18, 0, 0, 0, 0, 0, 0, 0, 0, 1317, 0, 0, 0, 0, 0, 0, 0, 0, 615, 0, 0, 21927, 0, 0, 1078947, 0, 79.9794, 36.5531, 0.457031, 1.51276, merge path, 197.828, 57.07, 6.4434, 
/data/ctcyang/GraphBLAS/dataset/europar/large/eu-2005/eu-2005.mtx, 862664, 862664, 19235140, 71675, 51621, 28193, 27979, 22831, 24495, 9843, 18868, 14269, 19469, 14702, 20974, 18082, 18572, 36133, 27376, 31928, 27531, 22917, 18015, 15178, 11956, 9583, 8763, 10383, 9477, 8685, 12956, 31351, 8517, 9086, 5698, 195558, 0, 22.2974, 29.3334, 1.31555, 26.3799, merge path, 0, inf, inf, 
/data/ctcyang/GraphBLAS/dataset/europar/large/exdata_1/exdata_1.mtx, 6001, 6001, 2263501, 0, 0, 4499, 1, 0, 0, 0, 0, 0, 0, 0, 0, 0, 0, 0, 0, 0, 0, 0, 0, 0, 0, 0, 0, 0, 0, 0, 0, 0, 0, 0, 0, 1501, 0, 377.187, 649.627, 1.72229, 1.15393, merge path, 4.97319, 58.258, 4.26376, 
/data/ctcyang/GraphBLAS/dataset/europar/large/filter3D/filter3D.mtx, 106437, 106437, 2600743, 0, 0, 0, 0, 0, 0, 0, 10, 15, 1100, 356, 43, 581, 9491, 550, 17, 572, 14982, 18190, 266, 22, 2203, 20439, 951, 20, 267, 19984, 59, 61, 82, 2023, 469, 13684, 0, 24.4346, 12.6756, 0.518756, 2.25891, merge path, 6.12893, 54.3153, 12.3557, 
/data/ctcyang/GraphBLAS/dataset/europar/large/fl2010/fl2010.mtx, 484481, 484481, 2346294, 0, 17496, 50732, 74828, 157101, 72148, 37973, 21670, 13710, 8935, 6520, 4673, 3415, 2709, 2078, 1687, 1395, 1136, 963, 737, 656, 544, 489, 385, 304, 301, 228, 220, 166, 156, 121, 117, 888, 0, 4.8429, 3.48066, 0.718714, 5.45913, merge path, 6.14584, 48.8665, 43.7308, 
/data/ctcyang/GraphBLAS/dataset/europar/large/germany_osm/germany_osm.mtx, 11548845, 11548845, 24738362, 0, 656315, 8845277, 1802393, 240369, 4164, 301, 17, 3, 0, 1, 2, 2, 1, 0, 0, 0, 0, 0, 0, 0, 0, 0, 0, 0, 0, 0, 0, 0, 0, 0, 0, 0, 0, 2.14206, 0.528888, 0.246906, 1.05286, merge path, 71.7481, 44.1337, 85.8156, 
/data/ctcyang/GraphBLAS/dataset/europar/large/gsm_106857/gsm_106857.mtx, 589446, 589446, 21169479, 0, 0, 0, 0, 0, 0, 0, 0, 0, 0, 0, 2398, 0, 0, 0, 1272, 0, 50186, 0, 294, 0, 7592, 0, 91696, 0, 362, 0, 12234, 0, 86073, 1, 140958, 196380, 0, 35.9142, 15.6321, 0.435261, 1.06826, merge path, 50.1973, 53.9808, 9.43297, 
/data/ctcyang/GraphBLAS/dataset/europar/large/gupta1/gupta1.mtx, 31802, 31802, 2132409, 0, 0, 33, 16, 12, 6, 239, 386, 217, 99, 96, 892, 837, 465, 144, 68, 520, 1039, 730, 219, 65, 183, 749, 703, 250, 131, 697, 1284, 849, 322, 123, 111, 20317, 0, 67.0527, 360.303, 5.37343, 15.9953, merge path, 4.85146, 56.2611, 6.89877, 
/data/ctcyang/GraphBLAS/dataset/europar/large/helm2d03/helm2d03.mtx, 392257, 392257, 2349679, 0, 0, 0, 4, 1918, 108, 390140, 81, 6, 0, 0, 0, 0, 0, 0, 0, 0, 0, 0, 0, 0, 0, 0, 0, 0, 0, 0, 0, 0, 0, 0, 0, 0, 0, 5.99015, 0.141762, 0.0236658, -13.5997, merge path, 6.0794, 49.4718, 36.3855, 
/data/ctcyang/GraphBLAS/dataset/europar/large/hollywood-2009/hollywood-2009.mtx, 1139905, 1139905, 112751423, 32662, 24445, 25004, 25028, 27020, 24591, 23746, 24041, 24292, 25947, 21507, 21591, 20985, 20708, 20856, 18787, 18186, 18022, 17064, 17132, 16154, 15640, 14543, 14694, 14554, 13493, 12920, 12359, 12230, 12079, 11479, 10865, 527281, 2, 98.913, 271.865, 2.74853, 7.34894, merge path, 0, inf, inf, 
/data/ctcyang/GraphBLAS/dataset/europar/large/hugetric-00010/hugetric-00010.mtx, 6592765, 6592765, 19771708, 0, 0, 6587, 6586178, 0, 0, 0, 0, 0, 0, 0, 0, 0, 0, 0, 0, 0, 0, 0, 0, 0, 0, 0, 0, 0, 0, 0, 0, 0, 0, 0, 0, 0, 0, 2.999, 0.0315932, 0.0105346, -31.5892, merge path, 55.6199, 45.5013, 64.0066, 
/data/ctcyang/GraphBLAS/dataset/europar/large/hugetric-00020/hugetric-00020.mtx, 7122792, 7122792, 21361554, 0, 0, 6822, 7115970, 0, 0, 0, 0, 0, 0, 0, 0, 0, 0, 0, 0, 0, 0, 0, 0, 0, 0, 0, 0, 0, 0, 0, 0, 0, 0, 0, 0, 0, 0, 2.99904, 0.030933, 0.0103143, -32.266, merge path, 60.1268, 45.4752, 63.969, 
/data/ctcyang/GraphBLAS/dataset/europar/large/human_gene1/human_gene1.mtx, 22283, 22283, 24647361, 392, 320, 243, 139, 147, 132, 111, 86, 81, 89, 78, 79, 72, 60, 64, 68, 49, 70, 50, 57, 53, 52, 41, 57, 54, 49, 50, 42, 41, 39, 50, 29, 19339, 0, 1106.11, 1409.12, 1.27395, 1.85181, merge path, 54.6563, 57.7218, 3.81798, 
/data/ctcyang/GraphBLAS/dataset/europar/large/human_gene2/human_gene2.mtx, 14340, 14340, 18054049, 317, 145, 88, 85, 60, 53, 62, 49, 42, 44, 40, 40, 34, 32, 27, 29, 26, 21, 27, 35, 22, 28, 24, 24, 36, 23, 30, 25, 22, 13, 19, 15, 12803, 0, 1259, 1375.14, 1.09224, 1.32126, merge path, 39.9369, 57.8642, 3.80179, 
/data/ctcyang/GraphBLAS/dataset/europar/large/il2010/il2010.mtx, 451554, 451554, 2164464, 0, 5730, 28344, 60873, 166857, 82322, 43280, 23643, 13969, 8397, 5561, 3674, 2549, 1745, 1183, 879, 630, 488, 337, 284, 194, 137, 120, 92, 51, 55, 34, 32, 16, 15, 11, 7, 45, 0, 4.79337, 2.29736, 0.479278, 2.88606, merge path, 5.67651, 48.8067, 44.0971, 
/data/ctcyang/GraphBLAS/dataset/europar/large/indochina-2004/indochina-2004.mtx, 7414866, 7414866, 194109311, 1309127, 642944, 348281, 365522, 200640, 233434, 207330, 147904, 151002, 146361, 160060, 151701, 137247, 129337, 107629, 100288, 101094, 106138, 98627, 65181, 88605, 89713, 88376, 83770, 74934, 80646, 67705, 67879, 56840, 54025, 101480, 94453, 1556593, 0, 26.1784, 215.83, 8.24459, 30.8236, merge path, 0, inf, inf, 
/data/ctcyang/GraphBLAS/dataset/europar/large/inline_1/inline_1.mtx, 503712, 503712, 36312631, 0, 0, 0, 0, 0, 0, 0, 0, 0, 0, 0, 0, 0, 0, 0, 0, 0, 6, 0, 0, 0, 0, 0, 0, 0, 0, 306, 0, 0, 7716, 0, 0, 495684, 0, 72.0901, 35.6321, 0.494271, 2.45077, merge path, 81.4959, 57.0337, 6.75391, 
/data/ctcyang/GraphBLAS/dataset/europar/large/ins2/ins2.mtx, 309412, 309412, 2442073, 0, 0, 0, 0, 121549, 182326, 0, 0, 0, 0, 0, 0, 0, 0, 0, 0, 0, 0, 0, 0, 0, 0, 0, 0, 0, 0, 0, 0, 0, 0, 0, 0, 5537, 12, 7.89263, 590.355, 74.7983, 471.551, merge path, 5.99713, 52.1225, 29.8798, 
/data/ctcyang/GraphBLAS/dataset/europar/large/kron_g500-logn18/kron_g500-logn18.mtx, 262144, 262144, 21165372, 51989, 27309, 17552, 12770, 10060, 9410, 8090, 6646, 4954, 3460, 2440, 1913, 1902, 2286, 2798, 3287, 3639, 3977, 4093, 3920, 3611, 3038, 2621, 2092, 1682, 1204, 841, 574, 354, 246, 156, 112, 63118, 171, 80.7395, 453.705, 5.61937, 25.5403, merge path, 48.6565, 55.6795, 6.25999, 
/data/ctcyang/GraphBLAS/dataset/europar/large/kron_g500-logn19/kron_g500-logn19.mtx, 524288, 524288, 43561574, 115113, 56956, 36406, 25893, 18706, 14316, 12731, 12715, 12914, 12375, 10540, 8592, 6526, 4391, 2962, 1995, 1407, 1173, 1214, 1619, 2178, 2716, 3372, 3903, 4822, 5231, 5491, 5596, 5512, 5298, 5013, 4462, 112150, 191, 83.0871, 540.892, 6.50994, 33.1076, merge path, 100.982, 55.2168, 6.13008, 
/data/ctcyang/GraphBLAS/dataset/europar/large/kron_g500-logn20/kron_g500-logn20.mtx, 1048576, 1048576, 89238804, 253335, 116612, 71533, 52440, 42456, 33136, 24070, 17641, 13831, 13210, 14429, 16301, 17766, 18239, 17483, 15710, 13194, 10425, 7679, 5529, 3769, 2511, 1505, 917, 600, 462, 473, 524, 764, 1101, 1418, 1912, 257601, 1072, 85.1048, 640.966, 7.53149, 42.9564, merge path, 209.277, 54.5811, 5.99672, 
/data/ctcyang/GraphBLAS/dataset/europar/large/kron_g500-logn21/kron_g500-logn21.mtx, 2097152, 2097152, 182081864, 553065, 238482, 143629, 97760, 74878, 65561, 60374, 52830, 42333, 30905, 20793, 14255, 10887, 10414, 11932, 14758, 17856, 21130, 23641, 25604, 25811, 25169, 23144, 20435, 17277, 14166, 11272, 8333, 6190, 4319, 3016, 1922, 405011, 1562, 86.8234, 755.629, 8.70305, 55.8477, merge path, 436.66, 53.3745, 5.81411, 
/data/ctcyang/GraphBLAS/dataset/europar/large/ldoor/ldoor.mtx, 952203, 952203, 45570273, 0, 0, 0, 0, 0, 0, 0, 0, 0, 0, 0, 0, 0, 0, 0, 0, 0, 0, 0, 0, 0, 0, 0, 0, 0, 0, 0, 903, 0, 0, 930, 1347, 949023, 0, 47.8577, 11.9466, 0.249627, 0.0202696, merge path, 103.783, 56.2039, 8.24703, 
/data/ctcyang/GraphBLAS/dataset/europar/large/ljournal-2008/ljournal-2008.mtx, 5363260, 5363260, 79023142, 545626, 952667, 669984, 392133, 286053, 225173, 181030, 152719, 131458, 115477, 102249, 91788, 83505, 75707, 69259, 63631, 58693, 54908, 50600, 47648, 44313, 41158, 38615, 36136, 34473, 32290, 30109, 28886, 27384, 25613, 24165, 23121, 626689, 0, 14.7342, 37.0025, 2.51134, 10.5253, merge path, 190.081, 53.214, 17.8852, 
/data/ctcyang/GraphBLAS/dataset/europar/large/mario002/mario002.mtx, 389874, 389874, 1867115, 0, 0, 1837, 154927, 0, 0, 233110, 0, 0, 0, 0, 0, 0, 0, 0, 0, 0, 0, 0, 0, 0, 0, 0, 0, 0, 0, 0, 0, 0, 0, 0, 0, 0, 0, 4.78902, 1.47828, 0.308681, -0.407295, merge path, 4.96518, 48.1333, 43.5255, 
/data/ctcyang/GraphBLAS/dataset/europar/large/mc2depi/mc2depi.mtx, 525825, 525825, 2100225, 0, 0, 3, 3069, 522753, 0, 0, 0, 0, 0, 0, 0, 0, 0, 0, 0, 0, 0, 0, 0, 0, 0, 0, 0, 0, 0, 0, 0, 0, 0, 0, 0, 0, 0, 3.99415, 0.0763228, 0.0191086, -13.0002, merge path, 5.57394, 48.2296, 51.6919, 
/data/ctcyang/GraphBLAS/dataset/europar/large/mouse_gene/mouse_gene.mtx, 45101, 45101, 28922191, 1975, 1351, 1011, 682, 581, 529, 421, 400, 349, 309, 291, 266, 256, 230, 233, 229, 224, 186, 198, 202, 182, 188, 168, 199, 141, 158, 144, 159, 147, 137, 148, 130, 33277, 0, 641.276, 856.669, 1.33588, 1.86658, merge path, 64.599, 57.3081, 3.94201, 
/data/ctcyang/GraphBLAS/dataset/europar/large/msdoor/msdoor.mtx, 415863, 415863, 19825073, 0, 0, 0, 0, 0, 0, 0, 0, 0, 0, 0, 0, 0, 0, 0, 0, 0, 0, 0, 0, 0, 0, 0, 0, 0, 0, 0, 1050, 0, 0, 954, 1327, 412532, 0, 47.6721, 11.71, 0.245637, 0.0606853, merge path, 45.2122, 56.1267, 8.2541, 
/data/ctcyang/GraphBLAS/dataset/europar/large/nasasrb/nasasrb.mtx, 54870, 54870, 2622455, 0, 0, 0, 0, 0, 0, 0, 0, 0, 0, 0, 48, 0, 0, 0, 20, 0, 266, 0, 4, 0, 10, 12, 352, 75, 76, 2152, 1, 13, 695, 1, 39, 51106, 0, 47.794, 8.53112, 0.178498, 2.90357, merge path, 5.94868, 56.4284, 8.2863, 
/data/ctcyang/GraphBLAS/dataset/europar/large/nd24k/nd24k.mtx, 72000, 72000, 28643635, 0, 0, 0, 0, 0, 0, 0, 0, 0, 0, 0, 0, 0, 0, 0, 0, 0, 0, 0, 0, 0, 0, 0, 0, 0, 0, 0, 0, 0, 0, 0, 0, 72000, 0, 397.828, 76.9435, 0.193409, -1.17284, merge path, 0, inf, inf, 
/data/ctcyang/GraphBLAS/dataset/europar/large/neos3/neos3.mtx, 512209, 518832, 2055024, 0, 0, 0, 288, 511920, 0, 0, 0, 0, 0, 0, 0, 0, 0, 0, 0, 0, 0, 0, 0, 0, 0, 0, 0, 0, 0, 0, 0, 0, 0, 0, 0, 1, 0, 4.01208, 9.04866, 2.25535, 715.678, merge path, 5.3886, 48.8148, 52.0989, 
/data/ctcyang/GraphBLAS/dataset/europar/large/net100/net100.mtx, 29920, 29920, 2003281, 0, 0, 3060, 0, 6120, 0, 0, 0, 0, 0, 0, 0, 0, 0, 0, 0, 0, 0, 0, 0, 1156, 0, 0, 0, 0, 0, 0, 0, 0, 0, 0, 0, 19584, 0, 66.9546, 57.8202, 0.863574, 0.635015, merge path, 4.47384, 57.3154, 7.0331, 
/data/ctcyang/GraphBLAS/dataset/europar/large/net125/net125.mtx, 36720, 36720, 2540481, 0, 0, 3910, 0, 7820, 0, 0, 0, 0, 0, 0, 0, 0, 0, 0, 0, 0, 0, 0, 0, 1156, 0, 0, 0, 0, 0, 0, 0, 0, 0, 0, 0, 23834, 0, 69.1852, 66.626, 0.963009, 1.13804, merge path, 5.67796, 57.2708, 6.91646, 
/data/ctcyang/GraphBLAS/dataset/europar/large/net4-1/net4-1.mtx, 88343, 88343, 2353385, 0, 2868, 2974, 12062, 1830, 2796, 3642, 3078, 1812, 99, 448, 0, 7, 3, 0, 0, 0, 3321, 569, 13353, 10044, 2657, 1822, 876, 92, 74, 67, 179, 358, 305, 346, 161, 22500, 0, 26.6392, 85.3028, 3.20216, 50.2176, merge path, 5.4562, 55.2093, 11.8053, 
/data/ctcyang/GraphBLAS/dataset/europar/large/nlpkkt120/nlpkkt120.mtx, 3542400, 3542400, 93303393, 0, 0, 0, 0, 23, 1, 2832, 0, 8, 83544, 0, 0, 1416, 0, 0, 0, 0, 0, 83544, 0, 8, 0, 0, 0, 1416, 0, 0, 3369608, 0, 0, 0, 0, 0, 0, 26.339, 3.09277, 0.117422, -4.87917, merge path, 220.323, 54.2061, 11.6843, 
/data/ctcyang/GraphBLAS/dataset/europar/large/nlpkkt80/nlpkkt80.mtx, 1062400, 1062400, 27642273, 0, 0, 0, 0, 23, 1, 1872, 0, 8, 36504, 0, 0, 936, 0, 0, 0, 0, 0, 36504, 0, 8, 0, 0, 0, 936, 0, 0, 985608, 0, 0, 0, 0, 0, 0, 26.0187, 3.73511, 0.143555, -3.89692, merge path, 65.0498, 54.3923, 11.8269, 
/data/ctcyang/GraphBLAS/dataset/europar/large/oilpan/oilpan.mtx, 73752, 73752, 3523437, 0, 0, 0, 0, 0, 0, 0, 0, 0, 0, 0, 0, 0, 0, 0, 0, 0, 0, 0, 0, 0, 0, 0, 0, 0, 0, 0, 294, 0, 0, 0, 0, 73458, 0, 47.7741, 13.4906, 0.282383, 0.047239, merge path, 7.98778, 56.4613, 8.29311, 
/data/ctcyang/GraphBLAS/dataset/europar/large/pa2010/pa2010.mtx, 421545, 421545, 2058462, 0, 8730, 28860, 65275, 136467, 73857, 40273, 22902, 14215, 9049, 6206, 4210, 2926, 2128, 1628, 1134, 818, 626, 483, 392, 292, 219, 186, 130, 98, 70, 73, 49, 49, 37, 30, 15, 118, 0, 4.88314, 2.63184, 0.538965, 3.02077, merge path, 5.37576, 49.0132, 43.5259, 
/data/ctcyang/GraphBLAS/dataset/europar/large/packing-500x100x100-b050/packing-500x100x100-b050.mtx, 2145852, 2145852, 34976486, 13, 219, 935, 1733, 2265, 3855, 5322, 6299, 8577, 24504, 88015, 77231, 59400, 127241, 92383, 69577, 57015, 153019, 1368249, 0, 0, 0, 0, 0, 0, 0, 0, 0, 0, 0, 0, 0, 0, 0, 16.2996, 2.82958, 0.173598, -1.64624, merge path, 83.7903, 53.4309, 16.5541, 
/data/ctcyang/GraphBLAS/dataset/europar/large/para-10/para-10.mtx, 155924, 155924, 5416358, 0, 0, 0, 0, 0, 0, 0, 0, 182, 424, 109, 102, 83, 72, 97, 578, 359, 257, 6616, 904, 1423, 18172, 1699, 386, 13440, 1273, 375, 14389, 1272, 245, 10053, 601, 82813, 0, 34.7372, 22.2782, 0.641335, 193.17, merge path, 12.6216, 54.929, 9.80757, 
/data/ctcyang/GraphBLAS/dataset/europar/large/para-4/para-4.mtx, 153226, 153226, 5326228, 0, 0, 0, 0, 0, 0, 0, 0, 0, 0, 9, 0, 102, 3, 235, 744, 396, 707, 6921, 1648, 180, 18497, 618, 255, 13899, 758, 669, 15218, 442, 103, 10336, 390, 81096, 0, 34.7606, 19.886, 0.572084, 159.375, merge path, 12.4076, 54.9467, 9.80645, 
/data/ctcyang/GraphBLAS/dataset/europar/large/para-5/para-5.mtx, 155924, 155924, 5416358, 0, 0, 0, 0, 0, 0, 0, 0, 182, 424, 109, 102, 83, 72, 97, 578, 359, 257, 6616, 904, 1423, 18172, 1699, 386, 13440, 1273, 375, 14389, 1272, 245, 10053, 601, 82813, 0, 34.7372, 22.2782, 0.641335, 193.17, merge path, 12.6181, 54.9445, 9.81034, 
/data/ctcyang/GraphBLAS/dataset/europar/large/para-6/para-6.mtx, 155924, 155924, 5416358, 0, 0, 0, 0, 0, 0, 0, 0, 182, 424, 109, 102, 83, 72, 97, 578, 359, 257, 6616, 904, 1423, 18172, 1699, 386, 13440, 1273, 375, 14389, 1272, 245, 10053, 601, 82813, 0, 34.7372, 22.2782, 0.641335, 193.17, merge path, 12.6132, 54.9657, 9.81413, 
/data/ctcyang/GraphBLAS/dataset/europar/large/para-7/para-7.mtx, 155924, 155924, 5416358, 0, 0, 0, 0, 0, 0, 0, 0, 182, 424, 109, 102, 83, 72, 97, 578, 359, 257, 6616, 904, 1423, 18172, 1699, 386, 13440, 1273, 375, 14389, 1272, 245, 10053, 601, 82813, 0, 34.7372, 22.2782, 0.641335, 193.17, merge path, 12.611, 54.9752, 9.81583, 
/data/ctcyang/GraphBLAS/dataset/europar/large/para-8/para-8.mtx, 155924, 155924, 5416358, 0, 0, 0, 0, 0, 0, 0, 0, 182, 424, 109, 102, 83, 72, 97, 578, 359, 257, 6616, 904, 1423, 18172, 1699, 386, 13440, 1273, 375, 14389, 1272, 245, 10053, 601, 82813, 0, 34.7372, 22.2782, 0.641335, 193.17, merge path, 12.6205, 54.9338, 9.80843, 
/data/ctcyang/GraphBLAS/dataset/europar/large/para-9/para-9.mtx, 155924, 155924, 5416358, 0, 0, 0, 0, 0, 0, 0, 0, 182, 424, 109, 102, 83, 72, 97, 578, 359, 257, 6616, 904, 1423, 18172, 1699, 386, 13440, 1273, 375, 14389, 1272, 245, 10053, 601, 82813, 0, 34.7372, 22.2782, 0.641335, 193.17, merge path, 12.6185, 54.9426, 9.81, 
/data/ctcyang/GraphBLAS/dataset/europar/large/pct20stif/pct20stif.mtx, 52329, 52329, 2646135, 0, 2, 5, 4, 2, 10, 4, 52, 16, 4, 20, 411, 10, 39, 107, 90, 56, 905, 35, 127, 165, 83, 184, 1269, 46, 132, 394, 119, 204, 1200, 104, 202, 46328, 0, 50.5673, 16.9786, 0.335763, 0.530362, merge path, 6.00092, 56.4422, 8.02724, 
/data/ctcyang/GraphBLAS/dataset/europar/large/pkustk05/pkustk05.mtx, 37164, 37164, 2167981, 0, 0, 0, 0, 0, 0, 0, 0, 0, 0, 0, 0, 0, 0, 0, 0, 0, 0, 0, 0, 0, 0, 0, 204, 0, 0, 0, 0, 0, 12, 0, 0, 36948, 0, 58.3355, 24.6235, 0.422101, 0.306109, merge path, 4.8923, 56.7221, 7.46489, 
/data/ctcyang/GraphBLAS/dataset/europar/large/pkustk06/pkustk06.mtx, 43164, 43164, 2528605, 0, 0, 0, 0, 0, 0, 0, 0, 0, 0, 0, 0, 0, 0, 0, 0, 0, 0, 0, 0, 0, 0, 0, 252, 0, 0, 0, 0, 0, 12, 0, 0, 42900, 0, 58.5813, 24.8688, 0.424518, 0.304734, merge path, 5.70112, 56.7715, 7.45493, 
/data/ctcyang/GraphBLAS/dataset/europar/large/pkustk07/pkustk07.mtx, 16860, 16860, 2401945, 0, 0, 0, 0, 0, 0, 0, 0, 0, 0, 0, 0, 0, 0, 0, 0, 0, 0, 0, 0, 0, 0, 0, 0, 0, 0, 0, 0, 0, 0, 0, 0, 16860, 0, 142.464, 61.1331, 0.429112, 0.416107, merge path, 5.24455, 58.6225, 5.32273, 
/data/ctcyang/GraphBLAS/dataset/europar/large/poisson3Db/poisson3Db.mtx, 85623, 85623, 2374949, 0, 0, 0, 0, 0, 0, 4, 12, 43, 24, 218, 211, 165, 1098, 1202, 729, 278, 662, 1260, 17560, 658, 132, 677, 27335, 701, 31, 344, 17149, 266, 10, 139, 3680, 11035, 0, 27.7373, 14.7121, 0.530407, 2.59102, merge path, 5.70456, 53.2896, 11.0755, 
/data/ctcyang/GraphBLAS/dataset/europar/large/rajat31/rajat31.mtx, 4690002, 4690002, 20316253, 0, 1251, 0, 1563750, 2500, 3122500, 0, 0, 0, 0, 0, 0, 0, 0, 0, 0, 0, 0, 0, 0, 0, 0, 0, 0, 0, 0, 0, 0, 0, 0, 0, 0, 1, 0, 4.33182, 1.10616, 0.255356, 305.523, merge path, 53.0113, 49.0552, 48.7174, 
/data/ctcyang/GraphBLAS/dataset/europar/large/ramage02/ramage02.mtx, 16830, 16830, 2849523, 0, 0, 0, 0, 0, 0, 0, 0, 0, 0, 0, 0, 0, 0, 0, 0, 0, 0, 0, 0, 0, 0, 0, 0, 0, 0, 0, 0, 0, 0, 0, 0, 16830, 0, 169.312, 52.857, 0.312187, 0.53576, merge path, 6.19644, 58.8626, 5.08041, 
/data/ctcyang/GraphBLAS/dataset/europar/large/rel9/rel9.mtx, 9888048, 274669, 23667183, 3966262, 0, 72, 19817, 5901897, 0, 0, 0, 0, 0, 0, 0, 0, 0, 0, 0, 0, 0, 0, 0, 0, 0, 0, 0, 0, 0, 0, 0, 0, 0, 0, 0, 0, 0, 2.39351, 1.95936, 0.818614, -0.402159, merge path, 0, inf, inf, 
/data/ctcyang/GraphBLAS/dataset/europar/large/rgg_n_2_21_s0/rgg_n_2_21_s0.mtx, 2097152, 2097152, 28975990, 4, 46, 246, 1025, 3444, 9182, 20511, 40331, 69360, 105930, 146182, 183308, 211439, 224084, 221094, 203943, 176764, 143226, 110659, 79800, 55143, 36902, 23178, 13858, 8192, 4447, 2499, 1231, 586, 287, 136, 65, 50, 0, 13.8168, 3.73264, 0.270152, 0.268118, merge path, 70.6429, 52.5025, 18.5997, 
/data/ctcyang/GraphBLAS/dataset/europar/large/rgg_n_2_22_s0/rgg_n_2_22_s0.mtx, 4194304, 4194304, 60718396, 3, 54, 262, 1207, 4168, 11759, 27935, 57772, 104141, 166946, 240816, 317554, 382368, 426240, 439074, 425443, 384402, 327641, 263945, 201184, 145996, 100840, 66304, 41732, 25142, 14697, 7894, 4368, 2208, 1196, 554, 272, 187, 0, 14.4764, 3.81233, 0.263348, 0.259456, merge path, 147.731, 52.6089, 17.9381, 
/data/ctcyang/GraphBLAS/dataset/europar/large/rgg_n_2_23_s0/rgg_n_2_23_s0.mtx, 8388608, 8388608, 127002786, 1, 50, 313, 1417, 5232, 15129, 37539, 80999, 152992, 258067, 388157, 534922, 673503, 786710, 850357, 858300, 812873, 724443, 608319, 484636, 367593, 264952, 182446, 119672, 75901, 45883, 26822, 14783, 8026, 4342, 2178, 1073, 978, 0, 15.1399, 3.89471, 0.257248, 0.25535, merge path, 308.105, 52.7624, 17.3465, 
/data/ctcyang/GraphBLAS/dataset/europar/large/rma10/rma10.mtx, 46835, 46835, 2374001, 0, 0, 0, 0, 18, 189, 0, 17, 340, 46, 6, 59, 190, 6, 54, 66, 104, 1029, 42, 414, 54, 302, 2340, 44, 592, 98, 270, 5324, 38, 1306, 46, 83, 33758, 0, 50.6886, 27.7806, 0.548064, 0.91766, merge path, 5.37394, 56.5455, 8.03114, 
/data/ctcyang/GraphBLAS/dataset/europar/large/sme3Db/sme3Db.mtx, 29067, 29067, 2081063, 0, 0, 0, 0, 0, 0, 0, 0, 0, 0, 0, 0, 0, 0, 0, 0, 0, 0, 0, 0, 0, 0, 0, 0, 33, 0, 0, 30, 1, 36, 605, 0, 28362, 0, 71.5954, 37.0664, 0.517721, 2.91847, merge path, 4.78674, 55.6487, 6.6114, 
/data/ctcyang/GraphBLAS/dataset/europar/large/soc-LiveJournal1/soc-LiveJournal1.mtx, 4847571, 4847571, 68993773, 539119, 916135, 492924, 327757, 249360, 201622, 164040, 139451, 120790, 106832, 94866, 86230, 78129, 71159, 65385, 59911, 55424, 52163, 48306, 45144, 42273, 39064, 36685, 34297, 32560, 30686, 28715, 27350, 26145, 24406, 23073, 22075, 565495, 3, 14.2326, 36.0803, 2.53504, 76.0003, merge path, 168.816, 52.3126, 18.0865, 
/data/ctcyang/GraphBLAS/dataset/europar/large/spal_004/spal_004.mtx, 10203, 321696, 46168124, 0, 0, 0, 0, 0, 0, 0, 0, 0, 0, 0, 0, 0, 8, 32, 48, 16, 8, 32, 40, 40, 16, 8, 0, 0, 0, 0, 0, 0, 0, 0, 0, 9955, 0, 4524.96, 1491.96, 0.329717, -1.26441, merge path, 0, inf, inf, 
/data/ctcyang/GraphBLAS/dataset/europar/large/srb1/srb1.mtx, 54924, 54924, 2907229, 0, 0, 0, 0, 0, 0, 0, 0, 0, 0, 0, 0, 0, 0, 0, 0, 0, 0, 0, 0, 0, 0, 0, 0, 0, 0, 0, 0, 0, 0, 0, 0, 54924, 0, 52.9319, 4.90219, 0.0926132, 18.5909, merge path, 6.57263, 56.6174, 7.85053, 
/data/ctcyang/GraphBLAS/dataset/europar/large/stat96v2/stat96v2.mtx, 29089, 957432, 2852184, 0, 0, 0, 0, 0, 0, 0, 0, 0, 0, 0, 0, 0, 0, 0, 0, 0, 0, 0, 0, 0, 0, 0, 0, 0, 0, 0, 0, 0, 0, 0, 0, 29089, 0, 98.0503, 18.4142, 0.187803, 169.47, merge path, 6.44647, 56.6325, 5.86793, 
/data/ctcyang/GraphBLAS/dataset/europar/large/thermomech_dK/thermomech_dK.mtx, 204316, 204316, 2846228, 0, 0, 0, 0, 0, 0, 0, 2, 256, 0, 6650, 0, 32288, 0, 127968, 2, 35068, 0, 2050, 0, 32, 0, 0, 0, 0, 0, 0, 0, 0, 0, 0, 0, 0, 0, 13.9305, 1.43051, 0.102689, -0.39125, merge path, 7.05334, 51.6517, 18.1754, 
/data/ctcyang/GraphBLAS/dataset/europar/large/tsyl201/tsyl201.mtx, 20685, 20685, 2434273, 0, 0, 0, 0, 0, 0, 0, 0, 0, 0, 0, 0, 0, 0, 0, 0, 0, 0, 0, 0, 0, 0, 0, 0, 0, 0, 0, 0, 0, 0, 0, 0, 20685, 0, 117.683, 28.5546, 0.24264, 0.3643, merge path, 5.34402, 58.3058, 5.64138, 
/data/ctcyang/GraphBLAS/dataset/europar/large/vanbody/vanbody.mtx, 47072, 47072, 2289827, 0, 0, 0, 0, 0, 2, 1, 45, 19, 28, 35, 286, 43, 91, 140, 66, 201, 647, 78, 118, 162, 177, 565, 246, 44, 163, 628, 128, 277, 610, 154, 175, 41943, 0, 48.6452, 17.6446, 0.36272, 1.44434, merge path, 5.19709, 56.3965, 8.19839, 
/data/ctcyang/GraphBLAS/dataset/europar/large/vsp_msc10848_300sep_100in_1Kout/vsp_msc10848_300sep_100in_1Kout.mtx, 21996, 21996, 2442056, 0, 1, 9, 12, 19, 35, 35, 55, 31, 44, 26, 12, 11, 9, 1, 0, 0, 0, 0, 0, 0, 0, 0, 0, 0, 0, 0, 0, 0, 0, 0, 0, 21696, 0, 111.023, 49.2975, 0.44403, 2.46835, merge path, 5.52445, 56.5818, 5.59086, 
/data/ctcyang/GraphBLAS/dataset/europar/large/water_tank/water_tank.mtx, 60740, 60740, 2035281, 0, 0, 0, 0, 0, 0, 0, 0, 8, 0, 0, 0, 320, 0, 0, 0, 11, 35, 4404, 7, 32, 474, 2, 16, 216, 49, 944, 34623, 6, 35, 465, 8, 19085, 0, 33.5081, 12.5996, 0.376015, 1.0326, merge path, 4.71036, 55.307, 10.1105, 
/data/ctcyang/GraphBLAS/dataset/europar/large/wave/wave.mtx, 156317, 156317, 2118662, 0, 0, 0, 6, 56, 105, 275, 1388, 3027, 5856, 5071, 47379, 7116, 3821, 38726, 3789, 2911, 19943, 1589, 1288, 12247, 760, 206, 272, 98, 92, 66, 43, 46, 42, 22, 16, 61, 0, 13.5536, 3.32009, 0.24496, 0.696081, merge path, 5.16841, 52.4704, 18.8857, 
/data/ctcyang/GraphBLAS/dataset/europar/large/wb-edu/wb-edu.mtx, 9845725, 9845725, 57156537, 2925419, 1313509, 790741, 657536, 674228, 456285, 482120, 359954, 260991, 225681, 190667, 171860, 153684, 135396, 116138, 102605, 89703, 77944, 65323, 58465, 47854, 41370, 38148, 32895, 29628, 31471, 25747, 22371, 18732, 18232, 16741, 15693, 198594, 0, 5.80521, 20.2919, 3.49546, 63.5638, merge path, 0, inf, inf, 
/data/ctcyang/GraphBLAS/dataset/europar/large/web-Stanford/web-Stanford.mtx, 281903, 281903, 2312497, 172, 28634, 42916, 31033, 26075, 37693, 21949, 10721, 9188, 4754, 16108, 3556, 2833, 2432, 2537, 2312, 4330, 2528, 3041, 3134, 3111, 856, 911, 800, 805, 727, 797, 758, 1002, 876, 787, 921, 13606, 0, 8.20317, 11.3114, 1.37891, 5.37693, merge path, 5.90454, 50.1309, 27.7688, 
/data/ctcyang/GraphBLAS/dataset/europar/large/wheel_601/wheel_601.mtx, 902103, 723605, 2170814, 0, 358798, 180300, 360599, 1804, 0, 0, 0, 0, 0, 0, 0, 0, 0, 0, 0, 0, 0, 0, 0, 0, 0, 0, 0, 0, 0, 0, 0, 0, 0, 0, 0, 602, 0, 2.40639, 15.5202, 6.44958, 38.4778, merge path, 6.01413, 46.2019, 80.2861, 
/data/ctcyang/GraphBLAS/dataset/europar/large/wikipedia-20051105/wikipedia-20051105.mtx, 1634989, 1634989, 19753078, 72556, 715263, 50298, 43117, 41367, 39734, 37412, 37680, 33649, 32692, 30110, 28269, 26091, 25052, 23443, 21803, 20129, 18786, 17529, 16385, 29179, 19845, 16388, 13563, 12482, 11289, 10790, 9938, 9236, 8400, 7989, 7470, 147055, 0, 12.0815, 31.075, 2.57212, 19.9154, merge path, 49.3113, 51.2741, 20.3134, 
/data/ctcyang/GraphBLAS/dataset/europar/large/wikipedia-20060925/wikipedia-20060925.mtx, 2983494, 2983494, 37269096, 88970, 1365986, 96694, 76480, 71476, 68771, 65275, 64327, 60230, 55710, 53381, 50155, 47310, 44766, 43919, 41134, 38768, 37213, 35444, 33389, 31726, 29412, 27425, 24418, 22437, 20676, 19104, 18028, 16747, 15729, 14778, 13744, 289872, 0, 12.4918, 32.8748, 2.63172, 21.8404, merge path, 93.6535, 50.9372, 19.6216, 
/data/ctcyang/GraphBLAS/dataset/europar/large/wikipedia-20061104/wikipedia-20061104.mtx, 3148440, 3148440, 39383235, 91462, 1453142, 101770, 79378, 73544, 70538, 68805, 66607, 62515, 57998, 55649, 52642, 50199, 47297, 46306, 43199, 40905, 39123, 37024, 34703, 33225, 31019, 28842, 25602, 23652, 21898, 20110, 19091, 17605, 16589, 15842, 14548, 307611, 0, 12.5088, 33.1573, 2.65072, 23.6422, merge path, 99.0421, 50.8981, 19.5842, 
/data/ctcyang/GraphBLAS/dataset/europar/large/wikipedia-20070206/wikipedia-20070206.mtx, 3566907, 3566907, 45030389, 101303, 1667366, 114971, 86171, 79163, 76601, 73177, 72769, 68260, 64684, 61981, 58879, 56796, 53252, 51705, 48456, 46231, 43926, 41643, 39266, 37105, 34665, 32313, 29401, 26901, 24816, 23373, 21715, 20321, 19155, 17975, 16701, 355866, 0, 12.6245, 32.9754, 2.61202, 20.6651, merge path, 113.398, 50.829, 19.4075, 
